Cost	Requests	Runtime
740.706472946	78.0	0.000144958496094	
317.756370797	25.0	7.48634338379e-05	
1470.05301176	160.0	0.000269174575806	
949.049467507	106.0	0.000185966491699	
4042.45748975	465.0	0.000695943832397	
3873.52601949	508.0	0.00075101852417	
1712.15647407	187.0	0.000298976898193	
1843.25068775	232.0	0.000354051589966	
1560.59672739	187.0	0.000275850296021	
1508.52423749	178.0	0.000284910202026	
6030.21454557	781.0	0.00119400024414	
2978.22022568	338.0	0.000540018081665	
2647.48764681	339.0	0.000493049621582	
1594.10322489	160.0	0.000253915786743	
1002.87888038	132.0	0.000213861465454	
4876.15459892	597.0	0.000956058502197	
2704.04266633	331.0	0.000524997711182	
4485.95210406	534.0	0.000761032104492	
1706.99529873	178.0	0.000272989273071	
2027.48803578	221.0	0.000338077545166	
2550.60417432	346.0	0.000538110733032	
1443.39516069	178.0	0.000270843505859	
505.334696928	60.0	0.000108003616333	
1191.5340584	142.0	0.000227212905884	
266.128881095	31.0	6.38961791992e-05	
3411.50316614	376.0	0.000550985336304	
2522.98457694	321.0	0.00047492980957	
2892.79860712	394.0	0.000545978546143	
3908.66472054	438.0	0.000687837600708	
959.004624832	106.0	0.000194072723389	
1854.08942614	222.0	0.000400066375732	
3127.82566737	394.0	0.000612020492554	
2285.00744841	249.0	0.000443935394287	
4260.05624751	565.0	0.000911951065063	
1356.83224192	160.0	0.000257015228271	
1812.81331832	214.0	0.000355005264282	
3487.37907101	457.0	0.00146198272705	
1522.51200004	160.0	0.000271081924438	
2142.15641142	221.0	0.000384092330933	
3688.12076479	420.0	0.000773191452026	
2987.52727196	393.0	0.000571966171265	
1771.66908121	250.0	0.00037693977356	
3879.18666277	455.0	0.000708103179932	
2636.37490097	330.0	0.000566959381104	
1502.29151153	178.0	0.00031304359436	
3316.48657294	376.0	0.000698089599609	
916.125559551	97.0	0.000195980072021	
5569.19207463	709.0	0.00108218193054	
2370.78889473	304.0	0.000482082366943	
1952.83673799	223.0	0.000349998474121	
3180.44736416	394.0	0.000586986541748	
4630.68341639	538.0	0.000772953033447	
2812.93744736	322.0	0.000513076782227	
4818.61946979	590.0	0.00116491317749	
3550.21018625	394.0	0.000649929046631	
2382.33396389	277.0	0.000477075576782	
1898.38543053	223.0	0.000356912612915	
3662.82500198	391.0	0.000574827194214	
1388.76874517	173.0	0.000288963317871	
2995.38761423	339.0	0.000499963760376	
3510.97844478	457.0	0.000675916671753	
3576.31784981	430.0	0.000669002532959	
2093.25369255	240.0	0.000345945358276	
1528.68955723	187.0	0.000284910202026	
4116.37075764	500.0	0.00078010559082	
2842.02099195	358.0	0.000532150268555	
3764.82400636	394.0	0.000574111938477	
1570.73770941	151.0	0.000221967697144	
1932.5429472	205.0	0.00028920173645	
3403.38348521	403.0	0.000643968582153	
1768.53791956	223.0	0.000368118286133	
1270.92705126	160.0	0.00032901763916	
3994.65399661	509.0	0.000798940658569	
1323.93994282	151.0	0.000247955322266	
2407.39852422	268.0	0.000403881072998	
3553.83708173	421.0	0.000667095184326	
2553.67603285	250.0	0.000396966934204	
951.585601533	106.0	0.000186920166016	
4019.57719668	484.0	0.000747919082642	
2130.73190274	283.0	0.00045919418335	
1803.04093872	205.0	0.00031590461731	
1274.39569183	159.0	0.000247955322266	
1798.70206868	196.0	0.00032901763916	
1620.16006318	170.0	0.000288963317871	
2280.60293616	259.0	0.00037693977356	
1488.33840749	150.0	0.00022292137146	
3403.43155044	400.0	0.00059700012207	
2965.51158942	313.0	0.000472068786621	
914.451386814	92.0	0.000184059143066	
2257.64715802	304.0	0.000462055206299	
2943.61897623	322.0	0.00047492980957	
2747.02960177	340.0	0.00049901008606	
2104.20745063	285.0	0.000487089157104	
5289.56257162	674.0	0.00106716156006	
1707.86409324	178.0	0.000314950942993	
2120.84487729	267.0	0.000500917434692	
2878.24033756	367.0	0.000624179840088	
1386.44750623	177.0	0.000346183776855	
3560.05976307	437.0	0.000683069229126	
2912.78157954	340.0	0.00055980682373	
5169.73229567	727.0	0.00109195709229	
1412.41182442	160.0	0.000239133834839	
3691.19414914	421.0	0.000607967376709	
862.175775417	97.0	0.000154972076416	
2265.62681633	295.0	0.000426054000854	
1338.01511145	151.0	0.000244855880737	
493.137800363	52.0	9.58442687988e-05	
2142.70806857	295.0	0.000479936599731	
2109.71114628	249.0	0.000375986099243	
3935.59478316	421.0	0.000679969787598	
779.734587073	97.0	0.000164031982422	
1224.2841771	160.0	0.000253915786743	
2584.25503364	294.0	0.000433921813965	
1108.0893671	142.0	0.000221014022827	
2374.12892861	285.0	0.000433921813965	
3383.66118292	430.0	0.000652074813843	
3495.52493216	410.0	0.000656843185425	
4287.17231319	557.0	0.000793218612671	
3839.59858217	457.0	0.000665903091431	
3849.30938166	466.0	0.00069785118103	
1723.58778061	223.0	0.000462055206299	
2991.17113256	385.0	0.000555992126465	
1158.03540189	150.0	0.000235080718994	
2116.79230084	232.0	0.00036096572876	
2835.42727371	340.0	0.000501155853271	
3425.03049021	358.0	0.00051212310791	
971.87230171	133.0	0.000207185745239	
1511.74735396	169.0	0.000261783599854	
2466.11382779	292.0	0.000427007675171	
1742.09108957	214.0	0.000319957733154	
2917.59359796	364.0	0.000533103942871	
2895.84869037	385.0	0.000576972961426	
2709.00466805	304.0	0.000622034072876	
1552.39204704	178.0	0.000319957733154	
2752.16191759	294.0	0.000487089157104	
3452.60004425	394.0	0.000596046447754	
373.494075328	34.0	7.39097595215e-05	
3186.01296071	394.0	0.000625133514404	
4463.39326104	502.0	0.000778913497925	
3333.71606142	420.0	0.000694036483765	
903.354312229	96.0	0.000176906585693	
1451.28646608	160.0	0.000287055969238	
1467.63736259	169.0	0.000286102294922	
1877.39960264	256.0	0.000436067581177	
2090.9762422	214.0	0.000368118286133	
847.540981752	115.0	0.000217199325562	
1560.69978165	185.0	0.000286102294922	
2842.18345595	367.0	0.000982046127319	
1777.12907596	229.0	0.000370979309082	
3811.69276619	466.0	0.000787019729614	
4562.45712547	563.0	0.000810861587524	
1104.04444455	142.0	0.000234127044678	
3201.15858957	349.0	0.00055193901062	
3832.40160914	430.0	0.000622987747192	
418.100803848	34.0	7.79628753662e-05	
4133.00255557	547.0	0.000885963439941	
1322.00414632	124.0	0.000198125839233	
2674.21849227	366.0	0.000539064407349	
961.526805253	106.0	0.000198125839233	
723.631842761	86.0	0.000152111053467	
2891.88626353	357.0	0.000550985336304	
3178.95365252	385.0	0.000602006912231	
4102.93810576	518.0	0.000732898712158	
2460.30096064	250.0	0.000378847122192	
481.14129397	43.0	7.82012939453e-05	
471.509631076	52.0	9.41753387451e-05	
2153.9776492	247.0	0.000357866287231	
769.547792225	104.0	0.000164985656738	
922.151199388	106.0	0.000194072723389	
4064.20737615	523.0	0.000761032104492	
2897.09580093	338.0	0.000482082366943	
5301.15366004	646.0	0.000961065292358	
734.727915017	95.0	0.000257968902588	
3034.49650832	403.0	0.00068187713623	
4345.91016924	465.0	0.000678062438965	
4511.62595887	638.0	0.000965118408203	
3819.51876444	448.0	0.000706911087036	
841.757040523	88.0	0.000159025192261	
2344.45666664	340.0	0.000523090362549	
3438.83523656	421.0	0.000645875930786	
3962.1264405	520.0	0.000746011734009	
1434.56361315	151.0	0.000241994857788	
2446.65372397	295.0	0.000504970550537	
3102.33532218	329.0	0.000503063201904	
2237.47136452	250.0	0.00037693977356	
2831.20440683	302.0	0.000454902648926	
3346.4304262	349.0	0.000620126724243	
2428.47651314	286.0	0.000484943389893	
4110.89413244	498.0	0.000714063644409	
2944.19114311	419.0	0.000627994537354	
2267.18854992	248.0	0.000350952148438	
1147.34694311	148.0	0.000247001647949	
1891.5579921	204.0	0.000331878662109	
3718.36030082	474.0	0.000709056854248	
1327.17368823	169.0	0.000279903411865	
3382.91360432	430.0	0.000648021697998	
658.322643481	79.0	0.000166893005371	
1657.33205295	169.0	0.000280141830444	
1028.643828	124.0	0.000200033187866	
2395.61572448	240.0	0.000416040420532	
3253.76038445	366.0	0.000524997711182	
862.363470466	106.0	0.000185966491699	
4288.8805327	455.0	0.000655889511108	
3327.21021175	366.0	0.000564098358154	
704.001830063	87.0	0.00014591217041	
2976.65311249	410.0	0.000577926635742	
1983.26592785	276.0	0.000410079956055	
3248.70591349	367.0	0.000598907470703	
3032.3840673	349.0	0.000527858734131	
785.18498711	96.0	0.000169992446899	
1826.34072636	196.0	0.000302076339722	
2182.51781318	275.0	0.000432014465332	
1740.79678115	240.0	0.000359058380127	
2548.18519466	322.0	0.000503063201904	
3108.92924605	394.0	0.00058388710022	
1740.39652729	249.0	0.00042200088501	
1049.35025432	142.0	0.000262022018433	
2236.78960601	268.0	0.000422954559326	
521.552237073	52.0	0.000121116638184	
3478.30305222	375.0	0.000580072402954	
1410.62993112	158.0	0.000303030014038	
1928.53873433	196.0	0.000420093536377	
1688.94421951	204.0	0.000336170196533	
681.510470089	88.0	0.000184059143066	
4249.45470836	499.0	0.000828981399536	
2048.80829937	240.0	0.000411987304688	
4534.89006232	520.0	0.000804901123047	
2465.68146069	268.0	0.00049901008606	
2561.76589048	322.0	0.000563859939575	
1733.08115482	169.0	0.000310897827148	
2942.09378063	357.0	0.000653028488159	
5167.73967161	646.0	0.00129079818726	
1170.17177661	160.0	0.000272989273071	
3806.19142513	447.0	0.000728845596313	
2204.9632388	240.0	0.000416040420532	
1764.53108746	196.0	0.000323057174683	
2021.92343117	223.0	0.000362873077393	
2767.31994113	331.0	0.000488996505737	
1012.52411377	115.0	0.000186920166016	
4588.9584416	574.0	0.00080680847168	
1149.20876085	133.0	0.000200033187866	
2277.78216308	275.0	0.00041389465332	
3616.83418887	376.0	0.000572204589844	
1906.15438736	223.0	0.000334978103638	
1605.41566862	195.0	0.000343084335327	
1910.79056166	221.0	0.00033712387085	
2128.12238006	259.0	0.000392913818359	
3528.14813052	461.0	0.000732898712158	
978.084482427	114.0	0.000182867050171	
2412.09959687	322.0	0.000478029251099	
1769.21513373	196.0	0.000302791595459	
3160.53789712	412.0	0.000593900680542	
3558.33834128	367.0	0.000579118728638	
3294.43364866	349.0	0.000533103942871	
1080.94312867	133.0	0.000233888626099	
3959.57836658	493.0	0.000859975814819	
4206.82359357	500.0	0.000788927078247	
3967.10156958	454.0	0.00071907043457	
1567.88734854	151.0	0.000276803970337	
3553.75468906	412.0	0.000785827636719	
3397.68866782	367.0	0.00080394744873	
2267.98294573	250.0	0.000401973724365	
2529.85142175	322.0	0.000531911849976	
3648.02694642	464.0	0.0010039806366	
878.985623601	105.0	0.000187158584595	
3230.62878609	421.0	0.000672101974487	
4533.49636153	598.0	0.00107097625732	
2491.19527491	266.0	0.000434160232544	
2402.32848004	250.0	0.000425815582275	
4517.6299223	538.0	0.000897169113159	
748.316360228	104.0	0.000177145004272	
2523.00020474	283.0	0.000458955764771	
686.110290516	88.0	0.000162124633789	
1842.61922022	250.0	0.000491142272949	
4302.75226626	473.0	0.00074291229248	
1278.10739154	133.0	0.000230073928833	
2639.65571904	337.0	0.000550985336304	
1160.89249316	159.0	0.000296831130981	
2858.3643578	321.0	0.000533103942871	
3688.88862093	438.0	0.000710964202881	
904.353403269	106.0	0.000190019607544	
639.097871662	70.0	0.000132083892822	
4544.98474099	643.0	0.00103092193604	
2047.8776132	283.0	0.00043797492981	
3244.15021782	331.0	0.000566005706787	
2626.25452912	285.0	0.000474214553833	
3252.03905052	439.0	0.000686883926392	
2480.79446253	311.0	0.000532865524292	
4647.34037196	618.0	0.000951766967773	
743.004948541	70.0	0.000131130218506	
2145.33802939	286.0	0.000494003295898	
3014.40651231	358.0	0.000530958175659	
2398.15612321	268.0	0.000411033630371	
1615.05732253	169.0	0.000285863876343	
759.717460011	88.0	0.000142812728882	
3118.30977855	358.0	0.000530958175659	
2973.06354881	374.0	0.000982999801636	
3799.53003606	469.0	0.000761032104492	
3129.31916414	394.0	0.00071120262146	
3270.69015201	349.0	0.000653982162476	
3937.02039466	461.0	0.000833988189697	
540.72622089	69.0	0.000135898590088	
1906.60892043	249.0	0.000475168228149	
1144.79068416	115.0	0.000196933746338	
2234.61503842	291.0	0.000476837158203	
1946.47476574	274.0	0.000401020050049	
1262.3127538	132.0	0.000213861465454	
3385.22620034	430.0	0.000651121139526	
1297.32879123	151.0	0.000239133834839	
1027.83299485	141.0	0.000231027603149	
2322.89289418	277.0	0.000417947769165	
2083.99892649	259.0	0.000414848327637	
921.793478292	106.0	0.000185966491699	
4593.51837798	583.0	0.000959157943726	
3898.13656379	421.0	0.000677824020386	
4314.97257508	507.0	0.000763177871704	
2401.06598022	285.0	0.000453948974609	
1596.67612938	187.0	0.000323057174683	
683.692447145	78.0	0.000156164169312	
232.231369216	25.0	6.89029693604e-05	
935.969195995	97.0	0.000175952911377	
3175.97172059	358.0	0.000577926635742	
3831.11732101	430.0	0.000698804855347	
4293.94382221	500.0	0.000868082046509	
3301.74627292	394.0	0.000663995742798	
1643.75252833	178.0	0.000304222106934	
4222.78283523	527.0	0.000858068466187	
521.366639469	52.0	0.000144004821777	
894.04834444	115.0	0.000203132629395	
4029.42202103	520.0	0.000808000564575	
2394.66765303	241.0	0.000397205352783	
1488.60816809	160.0	0.000317096710205	
1124.73774729	150.0	0.00025200843811	
3296.45246753	418.0	0.000733137130737	
2625.43687251	277.0	0.000472068786621	
1342.4340624	151.0	0.00029182434082	
2615.92016306	313.0	0.000509977340698	
3591.8697011	437.0	0.000679016113281	
3553.99541569	478.0	0.00072193145752	
2689.4573504	285.0	0.000448942184448	
499.467587248	52.0	0.000117063522339	
2261.24180633	304.0	0.000453948974609	
1146.65389039	150.0	0.00022292137146	
5411.68193512	709.0	0.00108909606934	
570.514327682	69.0	0.000133037567139	
4364.97120533	565.0	0.000826120376587	
3466.77032942	357.0	0.000551223754883	
3265.87250096	367.0	0.000634908676147	
918.898103758	106.0	0.000172138214111	
2945.15472021	358.0	0.000704050064087	
2672.9320468	358.0	0.000519037246704	
2286.73380119	257.0	0.00039005279541	
2673.58774581	304.0	0.000455141067505	
3184.52707767	410.0	0.000570774078369	
3345.94383212	425.0	0.00061821937561	
2226.02492332	241.0	0.000347852706909	
3691.35787686	482.0	0.00078296661377	
2123.04917781	231.0	0.000367879867554	
2575.04085474	258.0	0.000406980514526	
1227.73287515	141.0	0.000241041183472	
2060.79529616	228.0	0.000346183776855	
1917.67370572	247.0	0.000359058380127	
750.592895243	97.0	0.000149965286255	
3928.70224834	492.0	0.000736951828003	
1596.37129884	196.0	0.000347137451172	
1456.90107806	131.0	0.000292062759399	
1642.12782072	169.0	0.000285863876343	
3194.00376555	376.0	0.000618934631348	
1408.36978935	187.0	0.000308036804199	
1907.67196908	205.0	0.000333070755005	
4549.54502106	508.0	0.000823020935059	
3270.10107831	331.0	0.000530958175659	
2134.2084539	276.0	0.000612020492554	
2037.6887436	231.0	0.000366926193237	
1984.05898632	223.0	0.000397920608521	
1187.28503415	133.0	0.000246047973633	
2024.55898011	266.0	0.000494003295898	
1269.77569355	132.0	0.00023078918457	
4774.55102007	607.0	0.000902891159058	
2731.09983106	313.0	0.000494956970215	
3062.29495225	331.0	0.000492811203003	
2969.75528484	331.0	0.000494956970215	
4767.35295276	599.0	0.000905990600586	
3628.56902521	484.0	0.000715970993042	
1992.87677336	214.0	0.000444173812866	
1653.49580381	214.0	0.000341892242432	
2863.69188896	313.0	0.000504970550537	
794.52075962	115.0	0.000185966491699	
2515.65517484	322.0	0.000539064407349	
2187.21718032	268.0	0.000389814376831	
2087.79054114	232.0	0.000366926193237	
2980.20742386	373.0	0.000530958175659	
2103.52943915	277.0	0.000424146652222	
1971.95444149	212.0	0.00032901763916	
4717.98146425	580.0	0.000910997390747	
1865.01393197	268.0	0.000712871551514	
2507.86170588	268.0	0.000389099121094	
2640.51393179	259.0	0.000400066375732	
2179.94699681	223.0	0.000319957733154	
4946.65773056	601.0	0.000996112823486	
1740.04079681	221.0	0.000357151031494	
3875.23844949	482.0	0.000736951828003	
1624.11608724	178.0	0.000295877456665	
3294.85448304	375.0	0.000518083572388	
2045.41907277	277.0	0.000422954559326	
3439.08233568	394.0	0.000550985336304	
759.763403051	87.0	0.000134944915771	
3788.21654224	457.0	0.000710964202881	
2986.08258558	394.0	0.000625133514404	
3910.16251533	457.0	0.000677108764648	
830.658907845	106.0	0.000178098678589	
3713.1643775	402.0	0.000590085983276	
3214.51216989	412.0	0.00080680847168	
1034.54339856	123.0	0.000185012817383	
1351.63212571	142.0	0.000221014022827	
847.608887874	96.0	0.000174045562744	
5302.09078143	651.0	0.000953912734985	
880.529721369	105.0	0.000182151794434	
2670.8107407	304.0	0.000489950180054	
3613.34610463	457.0	0.00092601776123	
3853.11840566	523.0	0.000727891921997	
512.803402735	52.0	8.58306884766e-05	
2944.09391972	331.0	0.000473976135254	
2647.74850291	340.0	0.000516891479492	
2240.76183605	259.0	0.000416994094849	
4354.57775333	556.0	0.000839948654175	
4237.0866146	515.0	0.000736951828003	
2772.98686288	322.0	0.00049090385437	
720.26688579	70.0	0.000123023986816	
2761.49343894	295.0	0.000447034835815	
2251.89939988	250.0	0.000494956970215	
3865.88734477	511.0	0.000768899917603	
3135.24190953	320.0	0.000483989715576	
3235.3105568	340.0	0.000488996505737	
2229.69241198	259.0	0.000399827957153	
1901.58123934	205.0	0.000327825546265	
692.618421264	87.0	0.000139951705933	
4775.43903985	599.0	0.000866889953613	
3420.61303705	439.0	0.000632047653198	
1782.4438108	194.0	0.000328063964844	
3508.76203206	403.0	0.000581026077271	
1596.59310162	196.0	0.000308036804199	
526.610840025	52.0	9.58442687988e-05	
3230.07188665	367.0	0.000571966171265	
1313.06052852	151.0	0.000226020812988	
4208.90243478	502.0	0.000798940658569	
1365.22600203	176.0	0.000394105911255	
3730.51441647	484.0	0.000792980194092	
3101.62660055	322.0	0.000488042831421	
2909.87035016	331.0	0.000494003295898	
1763.32535109	205.0	0.000338077545166	
2014.23378581	230.0	0.000362873077393	
1992.40967029	232.0	0.00050687789917	
610.851395951	74.0	0.000120162963867	
1463.40471255	177.0	0.000256061553955	
5346.64847907	626.0	0.000954866409302	
2354.7452255	266.0	0.000440835952759	
3382.51158293	367.0	0.000530004501343	
1119.98291554	115.0	0.000231027603149	
1137.44666933	132.0	0.000262975692749	
425.856028885	52.0	9.79900360107e-05	
1599.58390698	185.0	0.000372886657715	
1153.98718673	124.0	0.000219821929932	
3091.95633326	358.0	0.000526905059814	
3765.98535475	411.0	0.000594139099121	
1374.58707659	142.0	0.000244855880737	
4898.51799983	591.0	0.000917911529541	
1204.52661737	149.0	0.00026798248291	
2917.76904868	286.0	0.000461101531982	
2543.90576376	277.0	0.000432968139648	
4317.82416405	581.0	0.00111103057861	
3648.76355161	466.0	0.000860929489136	
1799.31968461	213.0	0.000339984893799	
5627.14570545	709.0	0.00108599662781	
1009.33371827	120.0	0.000196933746338	
1952.19400207	222.0	0.000340938568115	
3486.16742969	403.0	0.000625848770142	
2558.61427962	328.0	0.000965118408203	
319.230260948	34.0	8.51154327393e-05	
3133.59445582	394.0	0.000704050064087	
3027.18888575	385.0	0.000625133514404	
2442.55989057	267.0	0.000450134277344	
3107.62184107	365.0	0.00109100341797	
2562.85968273	295.0	0.000475168228149	
1204.45045027	151.0	0.000269889831543	
3798.60117448	464.0	0.00092601776123	
834.77033067	96.0	0.000279903411865	
1518.43403861	195.0	0.000349998474121	
1338.17865696	187.0	0.000332117080688	
2163.48846837	248.0	0.000442028045654	
1476.85237289	205.0	0.000361919403076	
4667.99233874	563.0	0.00089693069458	
1538.58002881	195.0	0.000292062759399	
1515.05478273	178.0	0.000322103500366	
2435.00163804	321.0	0.000532150268555	
1668.01966633	186.0	0.000380992889404	
3202.71708251	392.0	0.000560998916626	
3718.34217089	474.0	0.000787973403931	
3645.96027261	445.0	0.000681161880493	
2803.61445687	338.0	0.000531911849976	
2123.0317176	277.0	0.000432014465332	
3613.86093148	448.0	0.000746011734009	
2862.27373959	362.0	0.000597953796387	
4583.33477165	583.0	0.000867128372192	
1450.04173002	169.0	0.000257968902588	
3263.40608843	430.0	0.000673055648804	
3419.08287324	349.0	0.000532150268555	
2389.90429268	268.0	0.000400066375732	
1549.68131496	196.0	0.000320911407471	
3467.38230946	356.0	0.000582933425903	
1052.46735701	132.0	0.000205039978027	
2920.26134874	393.0	0.000591039657593	
1623.7292301	178.0	0.000297784805298	
1833.3900332	203.0	0.000331878662109	
771.779806664	88.0	0.000164985656738	
1810.34292854	205.0	0.000336885452271	
3352.12931241	391.0	0.000682830810547	
299.75938766	49.0	9.10758972168e-05	
869.173631585	105.0	0.000198125839233	
3685.49612918	457.0	0.000731945037842	
1711.60130239	178.0	0.000289916992188	
2730.8434925	286.0	0.000527143478394	
907.791975053	106.0	0.000192165374756	
633.084065038	70.0	0.000133991241455	
2208.21238917	250.0	0.000380039215088	
2609.88809298	304.0	0.000497817993164	
2366.39008075	304.0	0.000504016876221	
2394.96241576	187.0	0.000335931777954	
858.513778674	88.0	0.000164985656738	
2001.1784803	214.0	0.000475883483887	
3684.02728876	466.0	0.000714063644409	
2830.9202133	322.0	0.000472784042358	
2823.90472135	304.0	0.000481843948364	
2664.76692116	286.0	0.000434875488281	
4691.90264327	529.0	0.000777006149292	
1788.53529614	232.0	0.000351190567017	
3175.02911505	384.0	0.000576972961426	
1748.99070648	187.0	0.00028395652771	
2479.0763041	310.0	0.000449180603027	
2374.84511454	310.0	0.000463008880615	
2904.79164147	363.0	0.000561952590942	
2403.72820812	310.0	0.00044584274292	
2316.67866128	313.0	0.000480175018311	
1314.58531166	160.0	0.000270843505859	
3632.23829608	456.0	0.000749826431274	
1104.36599925	123.0	0.000232219696045	
1558.86250459	187.0	0.000293016433716	
1632.00329877	212.0	0.000339984893799	
2898.31496504	329.0	0.00076699256897	
3379.0612666	358.0	0.000578165054321	
2418.13515253	304.0	0.000466108322144	
2869.50481488	358.0	0.000587940216064	
2165.64607063	268.0	0.000427961349487	
4351.5392632	529.0	0.00107002258301	
4870.31051392	545.0	0.000820875167847	
2013.41295283	248.0	0.000385999679565	
2539.15303602	286.0	0.000424861907959	
1292.76266949	141.0	0.000236034393311	
3966.45484211	421.0	0.000668048858643	
2127.22958895	259.0	0.000575065612793	
3161.6618245	420.0	0.000702142715454	
4343.15173894	565.0	0.000834941864014	
4515.31971113	569.0	0.000818014144897	
3807.36378965	475.0	0.000704050064087	
3440.13678922	410.0	0.000587940216064	
1272.22116979	168.0	0.000243186950684	
2810.26832685	364.0	0.00051212310791	
1277.08739222	169.0	0.000257968902588	
2515.45398408	303.0	0.000454902648926	
2697.41713387	340.0	0.000509023666382	
3191.79543844	366.0	0.000606775283813	
4909.9090576	572.0	0.000870943069458	
1088.22793831	142.0	0.000243186950684	
1026.45855184	97.0	0.00016713142395	
2718.42869753	295.0	0.000439882278442	
4390.52557109	489.0	0.000752925872803	
2406.5100893	249.0	0.000710010528564	
3855.73730131	514.0	0.000769138336182	
1023.60162231	117.0	0.000221967697144	
1595.47232909	168.0	0.00028395652771	
4476.48706436	592.0	0.00144696235657	
3154.82144769	403.0	0.000656843185425	
1112.44268432	132.0	0.000227928161621	
2831.9611013	400.0	0.000610828399658	
1548.26412826	186.0	0.000591993331909	
124.96523326	16.0	5.22136688232e-05	
3918.58768075	428.0	0.00136494636536	
4853.24839749	601.0	0.00122594833374	
5102.08056985	625.0	0.00106501579285	
2440.17124996	283.0	0.000452995300293	
2824.18131766	383.0	0.000694036483765	
1616.01998862	178.0	0.000292062759399	
2114.80659292	268.0	0.000485897064209	
2462.95591878	313.0	0.000652074813843	
1002.77340558	124.0	0.000216960906982	
3545.85392975	383.0	0.000630855560303	
2337.75281584	277.0	0.000425815582275	
4037.08957094	510.0	0.00081205368042	
673.884203762	79.0	0.000143051147461	
2398.52713263	286.0	0.000445127487183	
701.784283909	70.0	0.000139951705933	
657.087501626	70.0	0.000143051147461	
2283.67387754	258.0	0.000400066375732	
186.548868032	16.0	5.19752502441e-05	
2966.36726999	348.0	0.000545978546143	
3123.02106134	340.0	0.000982046127319	
3751.27089791	446.0	0.000636100769043	
1481.81948145	195.0	0.000307083129883	
2185.86968905	232.0	0.000369071960449	
2999.4414331	330.0	0.000541925430298	
4885.91479092	677.0	0.00139904022217	
1402.56659113	178.0	0.000524044036865	
2367.66578311	320.0	0.000622034072876	
828.4915594	88.0	0.000163078308105	
2174.7582184	293.0	0.00053596496582	
334.329874895	25.0	0.000133991241455	
775.661931172	79.0	0.000276803970337	
3966.96427907	466.0	0.000802993774414	
4918.94825732	659.0	0.00159096717834	
1013.01358277	115.0	0.000234127044678	
804.267440152	96.0	0.000179052352905	
2633.67635927	286.0	0.000468969345093	
1687.05583859	185.0	0.000373125076294	
3165.02335365	403.0	0.000648975372314	
3269.31829957	348.0	0.000606060028076	
315.077039714	34.0	0.000118017196655	
3746.92900015	402.0	0.000638008117676	
2476.47495074	310.0	0.000514030456543	
2611.14985441	286.0	0.000513792037964	
1116.80291521	133.0	0.000226974487305	
1222.21909118	133.0	0.000216960906982	
2224.93844709	241.0	0.000391006469727	
2560.07049259	285.0	0.00045108795166	
1347.75559659	142.0	0.000219106674194	
1659.83820935	178.0	0.000274896621704	
1391.12131275	160.0	0.000297069549561	
3805.75185072	493.0	0.000730991363525	
2639.27718653	285.0	0.000438213348389	
3417.40707107	429.0	0.00064492225647	
2565.07059153	328.0	0.000494956970215	
3203.97089508	373.0	0.000532150268555	
691.470338481	87.0	0.000154972076416	
1227.36025501	150.0	0.000236988067627	
3443.8439266	457.0	0.000715970993042	
457.747283203	52.0	9.58442687988e-05	
752.740083705	79.0	0.00012993812561	
3185.31067152	410.0	0.000627040863037	
2380.45027794	231.0	0.000345945358276	
3224.98482964	384.0	0.00055980682373	
2020.32430959	223.0	0.000357866287231	
1267.90593166	124.0	0.000201940536499	
599.788925922	70.0	0.0001380443573	
1180.17956939	124.0	0.000211954116821	
2846.70344376	313.0	0.000484943389893	
1485.57013117	178.0	0.000297069549561	
2197.08389513	286.0	0.000452995300293	
2198.79334497	259.0	0.000458002090454	
3996.49345361	536.0	0.000825881958008	
4006.66180926	465.0	0.000685214996338	
2798.27046393	356.0	0.000554800033569	
705.850773428	104.0	0.000258922576904	
3135.73147592	438.0	0.000663042068481	
3624.61818869	403.0	0.000653982162476	
676.518162638	70.0	0.000134944915771	
3354.46312852	393.0	0.000591039657593	
2844.13201729	349.0	0.00049614906311	
4886.14490336	601.0	0.000878095626831	
2765.06553661	295.0	0.00042986869812	
3704.45614166	376.0	0.000538110733032	
1799.47649676	205.0	0.000348091125488	
1740.97387184	229.0	0.000345945358276	
4751.87821647	536.0	0.000810146331787	
3985.6595579	522.0	0.000762939453125	
581.558957322	61.0	0.0001060962677	
1495.8262068	169.0	0.000278949737549	
3064.04889683	331.0	0.000546932220459	
4935.90495289	648.0	0.000991106033325	
2439.0522286	285.0	0.00055193901062	
3071.04130064	315.0	0.000503778457642	
1474.93104284	151.0	0.000255107879639	
3835.33757705	411.0	0.00061297416687	
2928.6750345	357.0	0.000562191009521	
3538.21286188	385.0	0.000673770904541	
3146.540083	358.0	0.00052285194397	
1422.61800329	177.0	0.000274896621704	
3038.19559333	340.0	0.000669956207275	
513.265178882	61.0	0.000159025192261	
2582.24873076	286.0	0.000497102737427	
1410.32534866	159.0	0.0002760887146	
3428.61824883	375.0	0.000632047653198	
2412.81489679	295.0	0.000538110733032	
1897.23170136	231.0	0.000360012054443	
1757.44375884	214.0	0.000405073165894	
3704.7000096	484.0	0.000762939453125	
5585.3388035	733.0	0.00104808807373	
2509.09668787	320.0	0.000563859939575	
4328.96292806	545.0	0.000837087631226	
1979.30280088	166.0	0.000378847122192	
1685.14193832	236.0	0.00039005279541	
1246.03699255	141.0	0.000303030014038	
3284.06953318	403.0	0.000699996948242	
2258.22402978	283.0	0.000391006469727	
1057.24200191	151.0	0.00025200843811	
2587.52823227	304.0	0.000452995300293	
552.480980816	52.0	0.000110864639282	
2337.15765212	277.0	0.000428915023804	
3226.85576033	349.0	0.000547885894775	
2876.79647342	367.0	0.000557899475098	
2615.94500505	295.0	0.000468015670776	
2224.96265143	241.0	0.000392913818359	
2784.8173887	320.0	0.000504970550537	
4227.77212377	502.0	0.000854969024658	
842.60797175	97.0	0.000157833099365	
1253.63710662	160.0	0.000269889831543	
2498.11111826	259.0	0.000382900238037	
1114.23233488	159.0	0.000329971313477	
1111.37961695	142.0	0.000221014022827	
832.383286406	97.0	0.000159978866577	
1312.97960468	177.0	0.000313997268677	
2195.66392195	258.0	0.000418186187744	
4061.91663261	457.0	0.000663995742798	
3784.62312863	482.0	0.000673055648804	
2339.76789073	276.0	0.00043797492981	
4890.53663943	628.0	0.000954866409302	
1687.09024751	212.0	0.000304937362671	
1145.07308275	115.0	0.000205993652344	
1032.91008576	115.0	0.000189781188965	
2442.04476824	313.0	0.000477075576782	
3538.61121578	419.0	0.000617027282715	
1959.37010627	214.0	0.000328063964844	
2521.10048925	286.0	0.00043797492981	
1274.25150645	150.0	0.000232934951782	
4809.56374124	608.0	0.000894069671631	
2073.94315555	277.0	0.000587940216064	
1407.02465511	151.0	0.000245094299316	
3470.41930207	445.0	0.00070595741272	
4735.34390685	608.0	0.000899076461792	
1469.61333471	159.0	0.000264167785645	
1750.95447957	240.0	0.000562906265259	
3074.67425034	403.0	0.000653982162476	
1059.37413863	149.0	0.00047492980957	
2024.70421978	223.0	0.00073504447937	
3259.9992158	340.0	0.000561952590942	
2842.56601198	340.0	0.000939130783081	
2112.1593276	232.0	0.000361919403076	
1844.28099064	202.0	0.000292062759399	
4479.25905519	537.0	0.000797033309937	
4054.08705735	529.0	0.000820159912109	
1364.93798884	133.0	0.000249862670898	
2609.21493874	286.0	0.00042200088501	
2011.04115934	196.0	0.000314950942993	
2784.04089675	304.0	0.00046706199646	
1332.31416513	151.0	0.000252962112427	
1164.23200101	132.0	0.0002121925354	
3311.81043231	385.0	0.000579118728638	
800.260809041	96.0	0.000157833099365	
3093.05612771	403.0	0.000580072402954	
2902.04914967	320.0	0.000484943389893	
1176.02741147	141.0	0.000248193740845	
1747.01392509	196.0	0.000338077545166	
1174.79830336	142.0	0.000243186950684	
1987.95342988	232.0	0.000504016876221	
2886.48073664	331.0	0.000684976577759	
3497.43153493	394.0	0.000615835189819	
1632.77216214	178.0	0.000302076339722	
2048.59182528	241.0	0.000429153442383	
3307.54000053	367.0	0.000579118728638	
4206.3201224	536.0	0.000991106033325	
2883.82238635	372.0	0.000614881515503	
2320.04968493	250.0	0.000452995300293	
4010.30916058	475.0	0.000779151916504	
2846.56031594	331.0	0.000541925430298	
837.863638079	97.0	0.000159025192261	
563.753778514	52.0	9.32216644287e-05	
1080.61531593	115.0	0.000204801559448	
3513.31129449	430.0	0.000622034072876	
434.823561605	50.0	0.0001060962677	
3839.60910939	438.0	0.000699996948242	
4228.30582087	528.0	0.00115203857422	
1693.7812344	187.0	0.000591993331909	
1936.36507685	205.0	0.00031304359436	
1775.00245126	213.0	0.000326871871948	
2218.39687959	283.0	0.000423908233643	
1949.71650815	249.0	0.000371932983398	
1415.05944213	160.0	0.000267028808594	
1706.50409342	195.0	0.000303983688354	
4055.2206864	501.0	0.000746011734009	
4016.54703879	475.0	0.000648975372314	
942.880320991	124.0	0.000205039978027	
4026.51741113	437.0	0.000663995742798	
1060.19587058	115.0	0.000199794769287	
1712.72437358	187.0	0.00029993057251	
2065.4078703	214.0	0.000362157821655	
4417.05364768	599.0	0.000909090042114	
4374.54027302	516.0	0.000749111175537	
1336.31671745	187.0	0.000297069549561	
3764.4701872	421.0	0.00068211555481	
1332.22204817	168.0	0.000234127044678	
1735.77880988	187.0	0.000303983688354	
3400.31448737	438.0	0.000629901885986	
1584.26921212	196.0	0.000306129455566	
2763.19401284	320.0	0.000478029251099	
1330.68538732	151.0	0.000257015228271	
2044.42237973	246.0	0.000396013259888	
4314.29766156	493.0	0.000692844390869	
3978.88206943	455.0	0.00067400932312	
453.514319653	43.0	8.51154327393e-05	
1019.32576102	105.0	0.000169038772583	
984.600745234	106.0	0.000169038772583	
1526.3816756	213.0	0.00034499168396	
1055.3496668	115.0	0.000197887420654	
3080.06746624	399.0	0.00058388710022	
3650.15787605	394.0	0.000584125518799	
2792.31469338	304.0	0.000475883483887	
2006.37930663	241.0	0.000379085540771	
3551.09292388	430.0	0.000662088394165	
1532.7685042	169.0	0.000272035598755	
4116.58864222	484.0	0.000720024108887	
2788.75175138	346.0	0.000534057617188	
2710.00969426	331.0	0.000487089157104	
4530.11660516	589.0	0.000853061676025	
1205.76760704	159.0	0.00025200843811	
3481.18355443	421.0	0.000640869140625	
4236.96543811	591.0	0.00084114074707	
2870.61976729	391.0	0.000578165054321	
1233.62122948	132.0	0.000211954116821	
4482.87421122	556.0	0.000773906707764	
1787.47942859	223.0	0.000347852706909	
3286.7125697	436.0	0.000619173049927	
661.707734775	70.0	0.000123023986816	
4493.9347357	539.0	0.000838041305542	
2876.85107519	367.0	0.000546932220459	
1659.51614727	195.0	0.000330924987793	
1572.02722977	203.0	0.000302076339722	
1271.99627062	151.0	0.000261068344116	
2306.07360453	249.0	0.000427961349487	
4234.73667374	529.0	0.000891923904419	
1969.62953828	205.0	0.000346899032593	
3914.12708645	438.0	0.000685930252075	
3705.41131211	455.0	0.000765085220337	
1139.82226359	124.0	0.000259876251221	
3004.70746804	376.0	0.000648021697998	
568.50602476	43.0	8.79764556885e-05	
4300.55685749	493.0	0.000789165496826	
875.215126815	63.0	0.000140905380249	
4584.44779619	517.0	0.000774145126343	
3217.62880226	376.0	0.000658988952637	
3951.61988518	438.0	0.000649929046631	
4306.24781307	538.0	0.000885009765625	
801.41931561	96.0	0.000185966491699	
3077.01049261	338.0	0.000509023666382	
5373.69650742	678.0	0.00114011764526	
1317.57592558	142.0	0.000239133834839	
3088.9914425	366.0	0.000538110733032	
3745.69379969	419.0	0.000808000564575	
674.948525811	70.0	0.000113964080811	
3466.80171131	376.0	0.000545024871826	
1971.82734903	232.0	0.000358819961548	
2892.19012412	394.0	0.00058388710022	
2820.79674667	330.0	0.000540971755981	
3755.02924676	499.0	0.00073504447937	
855.276259483	79.0	0.000135183334351	
565.768637551	69.0	0.00012993812561	
1383.11592718	151.0	0.000236988067627	
2443.59615452	277.0	0.000416040420532	
2320.57350167	250.0	0.000348091125488	
2574.71627779	240.0	0.000425815582275	
4369.75318462	502.0	0.000761985778809	
3707.21621133	475.0	0.000718116760254	
3177.80714665	358.0	0.000540971755981	
2283.8892345	267.0	0.000410079956055	
3393.66027518	383.0	0.000565052032471	
1693.32957651	186.0	0.000296115875244	
2758.68617952	328.0	0.000523090362549	
2761.65541629	367.0	0.000595808029175	
914.150111382	104.0	0.000180006027222	
433.529224027	51.0	8.60691070557e-05	
3898.45292821	469.0	0.000735998153687	
2109.08143685	266.0	0.000417947769165	
3256.93930133	385.0	0.000605821609497	
1923.64816277	241.0	0.000356912612915	
1179.96058286	151.0	0.000281095504761	
1908.94637759	231.0	0.000355005264282	
4073.81302662	482.0	0.000716924667358	
1961.36877524	250.0	0.000386953353882	
2294.96824417	286.0	0.000437021255493	
1166.08710836	140.0	0.000236988067627	
325.223904338	51.0	9.91821289062e-05	
2667.62801809	313.0	0.000495195388794	
3597.8037878	394.0	0.000687837600708	
2163.67717992	250.0	0.000385046005249	
2412.62370095	275.0	0.000401020050049	
1220.45897425	142.0	0.000262022018433	
3213.30447426	338.0	0.000499963760376	
2283.35266569	275.0	0.000432014465332	
1103.69541178	124.0	0.000200033187866	
2902.95132258	261.0	0.000468969345093	
186.724776431	32.0	6.38961791992e-05	
2817.3082231	354.0	0.000510931015015	
465.254158892	43.0	8.29696655273e-05	
881.664264648	115.0	0.000180006027222	
1173.75810689	151.0	0.000243902206421	
2810.53094988	339.0	0.000555038452148	
382.331122298	43.0	8.20159912109e-05	
2770.65729031	302.0	0.000501871109009	
3318.09080734	375.0	0.000545024871826	
3600.81583399	394.0	0.000609159469604	
2380.31514827	277.0	0.000453948974609	
2229.03020817	232.0	0.000385046005249	
4358.2852681	500.0	0.000868082046509	
2991.96915966	322.0	0.000487804412842	
3892.5757968	447.0	0.000638008117676	
2273.00021922	275.0	0.000391960144043	
1553.67239928	187.0	0.000309944152832	
1139.75084414	132.0	0.00019907951355	
3724.53061235	385.0	0.000575065612793	
2688.22492779	286.0	0.000408887863159	
1769.77701172	223.0	0.000347852706909	
1901.1991154	240.0	0.000378131866455	
1156.54769236	132.0	0.000222206115723	
5118.32308191	691.0	0.0010781288147	
1182.16741792	123.0	0.000195980072021	
4735.23371084	583.0	0.000869989395142	
2323.35321584	274.0	0.000411033630371	
2439.98355059	274.0	0.000415802001953	
1986.08542741	250.0	0.000375032424927	
3789.81213127	456.0	0.000624895095825	
4349.30466537	464.0	0.000664949417114	
1069.50168968	141.0	0.000211954116821	
2743.14923098	382.0	0.000546216964722	
836.475264844	96.0	0.000161170959473	
929.077309629	123.0	0.00022292137146	
1448.59987045	142.0	0.000231027603149	
1998.68348586	222.0	0.00036096572876	
3938.66962747	520.0	0.000795841217041	
1568.50028297	116.0	0.000245094299316	
989.830550435	115.0	0.000200033187866	
4408.99041038	502.0	0.00079607963562	
3721.35032257	475.0	0.000776052474976	
2096.94798023	268.0	0.000407934188843	
2988.66594012	403.0	0.000620126724243	
3260.81373846	411.0	0.000631093978882	
3740.10792209	412.0	0.000622987747192	
337.249066917	51.0	8.79764556885e-05	
890.587560632	124.0	0.000184059143066	
4109.31088305	462.0	0.000643968582153	
1441.13874194	177.0	0.000298976898193	
2471.00009055	310.0	0.00078296661377	
1798.29808684	222.0	0.00034499168396	
1096.31505447	124.0	0.000213146209717	
2573.29305785	331.0	0.000490188598633	
1036.34332258	106.0	0.000187158584595	
1045.40610414	106.0	0.000183820724487	
398.627678415	69.0	0.00011682510376	
2455.23297035	257.0	0.00037407875061	
1045.18779558	106.0	0.000188112258911	
535.194691778	61.0	0.000108957290649	
2471.5367211	301.0	0.00042200088501	
3206.21060431	366.0	0.000543832778931	
3650.00512203	367.0	0.000539064407349	
866.933590369	106.0	0.000164985656738	
4753.18809748	590.0	0.000936985015869	
2938.37784551	400.0	0.000595092773438	
2085.19563645	250.0	0.000379085540771	
3889.18350287	463.0	0.000675201416016	
3446.09149044	411.0	0.000607013702393	
965.476814979	115.0	0.000189065933228	
3725.19506969	491.0	0.000726938247681	
4035.11751058	538.0	0.000813007354736	
2416.71466605	250.0	0.000391960144043	
3415.22475765	394.0	0.000579118728638	
2643.75315503	331.0	0.000473976135254	
1993.95057838	241.0	0.000362873077393	
2572.83738069	268.0	0.000415086746216	
1331.56754243	160.0	0.000246047973633	
803.612785677	77.0	0.000128984451294	
2075.7165997	205.0	0.00034499168396	
1518.06556033	196.0	0.000293016433716	
2810.20183816	349.0	0.000489950180054	
1506.23003352	169.0	0.000267028808594	
4597.42381191	574.0	0.000834941864014	
1191.70063515	142.0	0.000247001647949	
1508.23735171	195.0	0.000291109085083	
2411.74521536	286.0	0.000429153442383	
2202.97679894	298.0	0.000458955764771	
2635.25459517	303.0	0.000452041625977	
2018.6859376	231.0	0.000354051589966	
4387.37887017	473.0	0.000700235366821	
841.031572348	97.0	0.000158071517944	
1502.24184724	194.0	0.000285148620605	
3110.76070034	393.0	0.000591993331909	
946.645948802	115.0	0.000205993652344	
3475.64546066	358.0	0.000593185424805	
1687.72544132	196.0	0.000339031219482	
1404.43830696	169.0	0.000267028808594	
2841.25670355	304.0	0.000490188598633	
1190.75293935	133.0	0.000214099884033	
3549.49127053	420.0	0.000614881515503	
3052.60785767	348.0	0.000535011291504	
3145.7508551	394.0	0.000564098358154	
