Cost	Requests	Runtime
591.410532496	673.0	0.00710988044739	
317.756370797	179.0	0.00190997123718	
1363.22857364	2386.0	0.0252540111542	
807.874499289	723.0	0.00688815116882	
3189.7661732	6550.0	0.0645802021027	
3212.52424315	7289.0	0.0710761547089	
1463.28543108	3083.0	0.0291619300842	
1712.02356328	4683.0	0.0462222099304	
1265.27411784	1671.0	0.0154371261597	
1326.6966715	2536.0	0.0243709087372	
5074.62306281	8132.0	0.0786318778992	
2549.01297151	3915.0	0.0369942188263	
2399.90422928	7398.0	0.0724749565125	
1460.15171937	3569.0	0.0344240665436	
876.936888973	1269.0	0.0129170417786	
3819.78006513	8133.0	0.0786428451538	
2454.87015086	3576.0	0.0348742008209	
3500.38119641	7707.0	0.0746259689331	
1271.93077482	1229.0	0.0112190246582	
1627.20441571	3091.0	0.0303671360016	
2225.41593902	3734.0	0.0357539653778	
1405.23489849	3305.0	0.0323970317841	
549.604628171	344.0	0.00329899787903	
1004.67779036	1804.0	0.0173690319061	
266.128881095	79.0	0.000745058059692	
2752.42745089	5452.0	0.0538790225983	
2108.4837378	3002.0	0.0283260345459	
2526.64762149	6463.0	0.0628600120544	
3271.62436688	6911.0	0.0708119869232	
859.916800767	1142.0	0.0115768909454	
1632.26264876	1853.0	0.0188488960266	
2705.66981773	7254.0	0.0747718811035	
1884.28625133	4374.0	0.0447359085083	
3539.43121295	7540.0	0.0750210285187	
1159.89760804	1196.0	0.0110838413239	
1657.44299209	3588.0	0.0391359329224	
2980.67700202	8008.0	0.105468034744	
1425.48718999	2563.0	0.0298991203308	
1525.48269028	3771.0	0.0420818328857	
2789.75635644	6166.0	0.0598950386047	
2428.57570586	4665.0	0.0462901592255	
1578.78496723	1912.0	0.0179719924927	
3444.42976817	6708.0	0.0665640830994	
2062.12622185	3389.0	0.0376698970795	
1277.53684357	1715.0	0.0193259716034	
2924.86770593	7393.0	0.0768067836761	
883.237135097	1251.0	0.013158082962	
4516.77903351	8162.0	0.0840241909027	
1959.02553	3663.0	0.036013841629	
1599.39636047	2834.0	0.026839017868	
2611.76240542	4987.0	0.0487627983093	
3497.84055323	7202.0	0.0716528892517	
2197.19315135	3336.0	0.0338909626007	
3787.7233181	8032.0	0.0838840007782	
2855.28902446	5717.0	0.0617711544037	
1840.96653822	3739.0	0.0421731472015	
1602.70192264	4302.0	0.0420198440552	
3032.98262497	5886.0	0.0573689937592	
1115.69040479	1017.0	0.00946187973022	
2369.38806969	6130.0	0.0640180110931	
2930.5015033	5202.0	0.0504460334778	
2943.10377088	6133.0	0.0587348937988	
2020.95510862	5711.0	0.0594501495361	
1406.3003397	2918.0	0.0275840759277	
3357.85469563	6042.0	0.0583691596985	
2502.75602712	5394.0	0.0531949996948	
3313.18845035	7218.0	0.072781085968	
1306.16774069	1406.0	0.0130450725555	
1678.69847862	4395.0	0.0428910255432	
3079.06560497	5558.0	0.0568768978119	
1523.47345115	3831.0	0.0427920818329	
1252.29954206	1162.0	0.0115370750427	
3236.45376182	6300.0	0.0645129680634	
1137.63173374	1947.0	0.0187261104584	
1927.8371197	5404.0	0.0578081607819	
2994.65095162	7867.0	0.0796070098877	
2134.16468571	6496.0	0.066025018692	
799.859557677	1127.0	0.0113930702209	
3374.90947486	7121.0	0.0727479457855	
1792.47086403	5229.0	0.054407119751	
1673.14792895	4196.0	0.0436320304871	
1075.27645971	1344.0	0.0131380558014	
1786.34017976	3483.0	0.0334649085999	
1345.11441291	1630.0	0.0151970386505	
1872.43283691	4427.0	0.0434110164642	
1238.40760179	2193.0	0.0205597877502	
2717.88351189	5506.0	0.0545568466187	
2525.55470953	4516.0	0.042897939682	
744.544690171	522.0	0.00481390953064	
1855.54656529	5058.0	0.0487501621246	
2533.78223436	6051.0	0.0622658729553	
2217.59329812	4126.0	0.0403289794922	
1735.62548921	4512.0	0.0477049350739	
4269.59996929	8061.0	0.087128162384	
1567.77284741	1493.0	0.0153729915619	
1875.78932487	4996.0	0.0511300563812	
2480.46784881	4448.0	0.0449810028076	
1224.91424453	1930.0	0.0217628479004	
2880.78194022	6247.0	0.0642619132996	
2677.12973962	6626.0	0.067615032196	
4498.68892694	8058.0	0.0799810886383	
1148.97329829	2070.0	0.0197870731354	
3016.34610597	5511.0	0.053986787796	
792.619979819	771.0	0.00708198547363	
1973.56593927	5171.0	0.05073595047	
1057.87142084	1966.0	0.022362947464	
446.621374527	430.0	0.00407004356384	
1901.15342141	5831.0	0.0576250553131	
1791.03818734	5049.0	0.049947977066	
3440.72082562	6988.0	0.0710029602051	
645.448354903	720.0	0.00699710845947	
1076.87537962	1963.0	0.0191059112549	
2082.50367199	6574.0	0.0643019676208	
1030.19011515	1821.0	0.017541885376	
1761.88144194	2942.0	0.0309929847717	
2849.97624598	6864.0	0.0658829212189	
2857.53811211	6910.0	0.0666449069977	
3451.94271471	6469.0	0.0644278526306	
3023.67203936	6247.0	0.0624310970306	
3171.12242974	5485.0	0.0526020526886	
1565.10249306	2216.0	0.0215010643005	
2416.42623813	6692.0	0.065395116806	
1073.46998302	1724.0	0.0161390304565	
1974.10024329	5488.0	0.0542471408844	
2456.00878215	4158.0	0.0393669605255	
3016.53198995	7128.0	0.0693628787994	
856.325667669	1185.0	0.0111680030823	
1205.11757754	2409.0	0.0240569114685	
2238.93070329	5079.0	0.0484640598297	
1439.8780417	2699.0	0.0268459320068	
2330.59018026	7102.0	0.0817561149597	
2492.60804914	4734.0	0.0525841712952	
1937.59583345	4450.0	0.046660900116	
1381.83895567	3072.0	0.0347762107849	
2555.42106309	4491.0	0.0449268817902	
3112.93497784	5919.0	0.0587270259857	
259.968133213	156.0	0.00158286094666	
2414.67279271	5536.0	0.0558009147644	
3265.54006183	6650.0	0.069482088089	
2606.75582525	5336.0	0.0556299686432	
871.443023687	479.0	0.0048291683197	
1197.47626004	1663.0	0.0161619186401	
1281.61905057	1857.0	0.0187427997589	
1680.95318622	4741.0	0.0520279407501	
1936.58981271	3273.0	0.0321440696716	
685.346398392	758.0	0.00746989250183	
1182.14262236	2432.0	0.0232920646667	
2402.06473757	4198.0	0.0409829616547	
1619.53983517	3112.0	0.0330641269684	
2967.19236712	6795.0	0.0675630569458	
3623.83251436	7674.0	0.0737180709839	
958.152325376	1577.0	0.0153958797455	
2543.67551506	4064.0	0.0397520065308	
3349.65898711	6849.0	0.0656740665436	
324.036134896	157.0	0.00162291526794	
3572.42924957	8071.0	0.0813031196594	
1159.45632247	1905.0	0.0180549621582	
2432.29355164	3208.0	0.0298829078674	
919.697612835	1440.0	0.0142481327057	
618.296333802	574.0	0.00566387176514	
2246.67680227	4128.0	0.040855884552	
2558.41352275	6307.0	0.0633380413055	
3210.45278748	7271.0	0.0764451026917	
2265.9532935	4888.0	0.0477430820465	
437.899886149	340.0	0.0031430721283	
355.699333621	198.0	0.00187110900879	
1739.55596522	4963.0	0.0518958568573	
799.372928433	1009.0	0.00997185707092	
813.464735428	1001.0	0.00970315933228	
3441.73420853	7951.0	0.0771160125732	
2426.17554253	7756.0	0.0794229507446	
4227.22953624	7493.0	0.0732450485229	
734.727915017	896.0	0.00878405570984	
2579.8307303	5509.0	0.0536720752716	
3382.05086901	7796.0	0.0760431289673	
3809.77155199	7706.0	0.0743699073792	
3036.79230655	5974.0	0.0566418170929	
729.499959849	573.0	0.00566697120667	
2188.92162911	6284.0	0.0618710517883	
2748.02770477	5627.0	0.0548708438873	
3277.69888688	7680.0	0.0756499767303	
1141.05763817	2163.0	0.0207607746124	
2282.28000031	5584.0	0.0570271015167	
2721.53572019	5385.0	0.053209066391	
1981.27800726	2926.0	0.0277481079102	
2546.16692129	5755.0	0.0575428009033	
2837.50797183	5599.0	0.0609011650085	
1922.30672245	5240.0	0.050626039505	
3267.76229839	8029.0	0.0813610553741	
2633.66524514	6883.0	0.0675191879272	
1805.83630142	5479.0	0.0544891357422	
1062.53145696	1989.0	0.0198349952698	
1628.68094508	3586.0	0.0358858108521	
3081.44952129	7533.0	0.0718898773193	
983.470162185	1623.0	0.0162677764893	
2894.57546837	6293.0	0.0627901554108	
619.638263337	625.0	0.00606298446655	
1148.00840445	1984.0	0.0196630954742	
858.001240594	1228.0	0.0116310119629	
1848.861562	2924.0	0.0288388729095	
2485.85280293	4510.0	0.0426938533783	
725.509052992	827.0	0.00837087631226	
3238.21904043	4538.0	0.0440230369568	
2376.81661314	3733.0	0.0367798805237	
673.447407139	845.0	0.00801396369934	
2484.0860475	6994.0	0.0700838565826	
1832.49809781	3035.0	0.0283288955688	
3066.06500806	5905.0	0.0572469234467	
2525.74092431	4426.0	0.0460619926453	
633.598362261	745.0	0.00734305381775	
1483.73375153	1920.0	0.0178301334381	
1794.56366939	4535.0	0.0447878837585	
1496.25519606	3516.0	0.0349910259247	
2162.9681812	3918.0	0.0388560295105	
2529.15619434	5470.0	0.0546338558197	
1564.28715277	3620.0	0.0468091964722	
1061.49070133	1960.0	0.0217609405518	
1780.26081249	4365.0	0.0467610359192	
521.552237073	522.0	0.00540900230408	
2906.04090061	6381.0	0.0741989612579	
1082.84966253	1845.0	0.0191299915314	
1687.03597372	3285.0	0.0336680412292	
1395.37261019	2144.0	0.0226790904999	
681.510470089	798.0	0.00868391990662	
3317.85235956	7457.0	0.0824880599976	
1662.86569354	2773.0	0.0282518863678	
3633.12225872	7753.0	0.0798668861389	
2206.04272621	6355.0	0.0661292076111	
2160.00558425	3789.0	0.0383489131927	
1504.31716756	3502.0	0.0361280441284	
2630.12943725	4846.0	0.0495638847351	
4215.06280089	7713.0	0.0775101184845	
1083.81441034	1992.0	0.0198709964752	
2984.85486156	5558.0	0.0561218261719	
1808.80348961	1902.0	0.0187628269196	
1421.09759763	3452.0	0.0349910259247	
1559.25538072	2662.0	0.0249052047729	
2266.9131578	5861.0	0.0561969280243	
875.456383401	1059.0	0.00984621047974	
3714.63589716	7589.0	0.0732009410858	
1094.88816336	1213.0	0.0112619400024	
1869.25390157	3067.0	0.02978515625	
3056.33199193	6290.0	0.059828042984	
1619.33306849	1921.0	0.0185329914093	
1289.92116677	1968.0	0.019483089447	
1592.4163256	1854.0	0.0178771018982	
1790.89660492	4113.0	0.0403769016266	
3024.28948379	8058.0	0.0779218673706	
872.857373559	1250.0	0.0117402076721	
2036.1163411	5685.0	0.0554058551788	
1296.63966362	2915.0	0.0277400016785	
2706.41343564	7022.0	0.0698261260986	
3040.06908446	6953.0	0.0676798820496	
2700.15553552	5609.0	0.0550220012665	
952.342919835	1578.0	0.0158541202545	
3266.32176178	6925.0	0.0694110393524	
3281.7486746	7816.0	0.0796489715576	
3510.54661527	5971.0	0.0600950717926	
1265.02163813	2294.0	0.0228199958801	
2870.52138341	4459.0	0.0440559387207	
2998.62264319	5515.0	0.0563321113586	
2087.11617635	3773.0	0.0388739109039	
2259.53387004	3747.0	0.0373449325562	
3025.51678945	7730.0	0.0793318748474	
770.854669236	1137.0	0.0116579532623	
2711.89564933	7599.0	0.0782120227814	
3879.04891587	7278.0	0.0747931003571	
2255.28871628	2207.0	0.0218901634216	
2207.56834343	6454.0	0.0668079853058	
3435.4475136	7285.0	0.08078789711	
622.751945359	456.0	0.00458288192749	
1918.88430186	3630.0	0.0365409851074	
623.675927566	509.0	0.00511813163757	
1584.84145995	2423.0	0.0240340232849	
3517.7499401	7113.0	0.0740520954132	
923.459576409	1011.0	0.00998902320862	
2167.72440754	3214.0	0.0325310230255	
1137.588613	1402.0	0.0145540237427	
2409.93844431	4859.0	0.0499310493469	
2766.57562467	6848.0	0.0693290233612	
755.947374141	963.0	0.00987195968628	
551.169176336	538.0	0.00534510612488	
3993.08169906	7936.0	0.0789031982422	
1815.00051567	1821.0	0.0178160667419	
2785.46992316	6995.0	0.0728900432587	
2344.03299635	4904.0	0.0497491359711	
2769.40960345	7868.0	0.0797481536865	
1927.03523012	3892.0	0.0394129753113	
3645.60430453	7340.0	0.073096036911	
575.816048111	549.0	0.00531601905823	
1892.55179314	5953.0	0.0591909885406	
2647.86630571	6972.0	0.0695109367371	
2253.53944886	4028.0	0.038027048111	
1483.49101854	3616.0	0.0358119010925	
683.830491742	851.0	0.00839805603027	
2295.93218821	4189.0	0.0404131412506	
2408.83898582	4491.0	0.0450069904327	
2816.33247317	5335.0	0.0521771907806	
2600.79756902	6165.0	0.0605680942535	
2559.48923634	6112.0	0.063600063324	
2854.7282716	6284.0	0.0655691623688	
444.134192414	347.0	0.00360488891602	
1645.40735202	4230.0	0.0416929721832	
848.704086443	956.0	0.00962996482849	
1775.76437946	5262.0	0.0527758598328	
1723.63956957	3806.0	0.0374269485474	
1026.96223747	1217.0	0.0116097927094	
2803.42991361	7112.0	0.0707719326019	
1144.32785631	2141.0	0.0206780433655	
863.428025839	967.0	0.00910091400146	
1896.83924068	5183.0	0.0513679981232	
1716.70883823	4698.0	0.0473811626434	
727.224047786	780.0	0.00742411613464	
3732.19046726	7587.0	0.0763399600983	
3500.82719598	7578.0	0.0767240524292	
3496.81844099	7091.0	0.0707712173462	
2196.70351986	5675.0	0.0580458641052	
1355.00275762	2116.0	0.0223100185394	
655.266437021	715.0	0.00693893432617	
186.461043336	81.0	0.000853061676025	
715.796207115	876.0	0.00860500335693	
2624.3121595	3807.0	0.0531380176544	
3361.0248202	7277.0	0.0856490135193	
3548.65536548	6977.0	0.0724132061005	
2476.70653028	3373.0	0.0338799953461	
1456.4340621	2917.0	0.0293660163879	
3490.223247	6479.0	0.0667319297791	
485.782141322	362.0	0.00337696075439	
865.82513647	787.0	0.00792407989502	
3353.77313693	6299.0	0.0650229454041	
1852.42916656	2931.0	0.0305681228638	
1334.50938696	2057.0	0.0204768180847	
1014.45169353	1488.0	0.0146541595459	
2725.08669696	7313.0	0.0745627880096	
2057.98401033	5461.0	0.0572669506073	
1110.9604981	2098.0	0.021555185318	
2081.51764574	2752.0	0.0288960933685	
2854.59137199	7252.0	0.0751919746399	
3047.04625212	8100.0	0.0835800170898	
2326.1269551	6515.0	0.064551115036	
411.53155145	303.0	0.00295495986938	
2029.21185216	3992.0	0.0389761924744	
1037.16576554	1773.0	0.0175309181213	
4587.64321326	8155.0	0.0785090923309	
513.062976385	544.0	0.00519299507141	
3651.948614	7944.0	0.0778069496155	
3065.94678116	7348.0	0.0720999240875	
2559.78416112	5103.0	0.0509140491486	
853.730611176	1245.0	0.0120289325714	
2304.679798	4595.0	0.0441529750824	
2333.53354794	5423.0	0.0533449649811	
2118.15544816	4922.0	0.0481719970703	
2652.65040685	4314.0	0.0430738925934	
2625.56680497	7595.0	0.0759618282318	
2578.63871434	4238.0	0.0417711734772	
1800.02374595	3280.0	0.0327689647675	
3071.74805327	5500.0	0.053426027298	
1755.36181507	2779.0	0.0267000198364	
2187.03630149	4255.0	0.039971113205	
983.595939377	1592.0	0.0151269435883	
1761.72836051	3139.0	0.0294280052185	
1776.5350362	3860.0	0.038822889328	
686.017198483	560.0	0.00513291358948	
3212.83957591	7634.0	0.076602935791	
1294.98850314	1983.0	0.0197739601135	
1132.57123104	1159.0	0.0113530158997	
1222.6297342	2583.0	0.0259931087494	
2664.00994494	4931.0	0.0502209663391	
1161.4644582	2361.0	0.0237119197845	
1748.36818529	4086.0	0.0423600673676	
3497.98757801	7986.0	0.0810680389404	
2910.79686233	6276.0	0.0635550022125	
1978.27929303	5623.0	0.0677721500397	
1876.16493202	4159.0	0.0429151058197	
1838.9825301	3113.0	0.0303149223328	
817.151230481	1150.0	0.0138230323792	
1789.15959101	3300.0	0.0479550361633	
1153.57692224	2083.0	0.0212841033936	
4002.10354261	7234.0	0.070366859436	
2593.8877065	5640.0	0.055939912796	
2675.25859964	5887.0	0.0570030212402	
2532.05543747	6658.0	0.0691819190979	
3993.22115505	7682.0	0.0755159854889	
3125.39520128	6462.0	0.0614609718323	
1791.03931339	4927.0	0.0497460365295	
1431.04902207	1871.0	0.0178480148315	
2503.33497259	5557.0	0.0529079437256	
766.431077856	1006.0	0.00954413414001	
2153.22544519	4439.0	0.0464980602264	
1725.31965371	3480.0	0.0365657806396	
1724.08435579	4629.0	0.0447618961334	
2188.72090076	4372.0	0.0453898906708	
1789.47382229	2594.0	0.0243940353394	
1396.54711106	1773.0	0.0162708759308	
3886.54426478	7983.0	0.0765368938446	
1667.39500799	3289.0	0.0324618816376	
2198.37563169	5223.0	0.0522289276123	
2338.0008769	4340.0	0.0414719581604	
1917.03046009	2999.0	0.0309500694275	
3861.37239046	8084.0	0.0781760215759	
1266.96809242	2779.0	0.0265588760376	
3133.41267929	5462.0	0.0557250976562	
1155.91767032	2255.0	0.0218861103058	
2805.40742708	5601.0	0.0563230514526	
1755.86915777	4309.0	0.0412940979004	
3305.61155834	6110.0	0.0618770122528	
759.763403051	987.0	0.00920486450195	
3002.66504345	5647.0	0.0560069084167	
2501.03004113	6171.0	0.0630941390991	
3182.30800223	5300.0	0.0503890514374	
843.273906618	1229.0	0.0124890804291	
3428.68872433	6091.0	0.0581929683685	
2616.44366362	4670.0	0.04532122612	
890.222105756	809.0	0.00747799873352	
968.674312382	1458.0	0.013799905777	
712.34409452	880.0	0.00861597061157	
4141.54764809	7407.0	0.0722789764404	
822.826102684	1157.0	0.0112090110779	
2327.88705863	4008.0	0.037850856781	
2904.66565618	6592.0	0.0660080909729	
3276.65464155	6341.0	0.0641059875488	
348.752180211	232.0	0.00210404396057	
2533.55961324	5076.0	0.0497210025787	
2166.76267774	7169.0	0.0726451873779	
2059.11194419	3678.0	0.0347700119019	
3523.65206448	7873.0	0.0760750770569	
3311.77527563	5076.0	0.0500900745392	
2355.24566037	6098.0	0.0584919452667	
505.426805451	451.0	0.00450086593628	
2244.7365988	6185.0	0.0590829849243	
1694.58547976	2479.0	0.0255398750305	
3400.09926901	8169.0	0.0799400806427	
2627.65402163	3677.0	0.0343210697174	
2659.37656268	5207.0	0.0512540340424	
2061.68123529	5434.0	0.0517160892487	
1799.78294206	4991.0	0.0482931137085	
585.830927648	660.0	0.00616216659546	
3778.38589607	6828.0	0.0669050216675	
2985.87839926	6330.0	0.0617549419403	
1452.67612546	1855.0	0.0185430049896	
2714.15102996	6888.0	0.0697159767151	
1330.90881487	1688.0	0.0160717964172	
495.196605361	426.0	0.00402116775513	
2343.88495174	5451.0	0.0523309707642	
1020.5412461	1603.0	0.0157811641693	
3458.75520861	7476.0	0.0720219612122	
1206.75671621	2487.0	0.025004863739	
3038.6526218	7676.0	0.0793309211731	
2606.91713634	7088.0	0.0725481510162	
2603.83671492	5815.0	0.0553369522095	
1327.66380492	2714.0	0.029464006424	
1688.47985651	4768.0	0.0461630821228	
1597.84116122	3615.0	0.0382850170135	
550.141229275	362.0	0.00323820114136	
1414.02883803	3110.0	0.0308949947357	
4104.90627157	8006.0	0.0758411884308	
1803.36368462	1976.0	0.0185430049896	
2774.02013686	5382.0	0.0540640354156	
1107.14218884	2129.0	0.0213139057159	
1123.50190286	2153.0	0.0204088687897	
425.856028885	331.0	0.00318217277527	
1339.92006469	2462.0	0.024374961853	
1083.75237735	1730.0	0.016988992691	
2613.5274066	6411.0	0.0655930042267	
3168.76480277	5657.0	0.0544228553772	
1374.58707659	2520.0	0.024218082428	
3828.30557112	7711.0	0.0768530368805	
971.746530948	1519.0	0.0150201320648	
2592.90173733	5485.0	0.054948091507	
2159.21487526	5000.0	0.0502009391785	
3657.42074302	6984.0	0.0705099105835	
2851.82080408	6054.0	0.0597720146179	
1520.69397438	2725.0	0.0273261070251	
4597.07550906	8194.0	0.0821168422699	
884.710340325	676.0	0.00616216659546	
1651.30827621	3397.0	0.0325171947479	
2874.90474801	5748.0	0.0735490322113	
2284.57145293	5995.0	0.0671880245209	
297.54461778	181.0	0.00182485580444	
2588.36298424	4344.0	0.0436329841614	
2494.06176582	4649.0	0.0463259220123	
2343.03225139	4745.0	0.0556480884552	
2468.76190655	6168.0	0.115954875946	
2173.92842825	4587.0	0.0628569126129	
1085.86881365	2074.0	0.0225210189819	
2995.39125483	7908.0	0.0914299488068	
863.889740095	1189.0	0.0125830173492	
1494.43193724	2761.0	0.035413980484	
1240.78040207	2646.0	0.0283229351044	
1711.77185176	4537.0	0.0471589565277	
1449.2002893	2821.0	0.0273098945618	
3798.99496426	8091.0	0.0804262161255	
1306.58529499	2518.0	0.0240490436554	
1162.35056965	2191.0	0.0267071723938	
2112.6850028	5146.0	0.0538461208344	
1314.25673073	1404.0	0.0132219791412	
2670.25431564	4794.0	0.0463070869446	
2900.77953487	7713.0	0.0906791687012	
2821.42497816	6198.0	0.0595138072968	
2417.59248494	5526.0	0.0592920780182	
1802.73254118	3788.0	0.0395557880402	
2958.11224551	8098.0	0.079733133316	
2287.32241718	4332.0	0.0421879291534	
3685.14521026	8086.0	0.0805501937866	
1220.87317335	2568.0	0.0253779888153	
2720.89013595	6031.0	0.0588970184326	
2758.5332648	5558.0	0.0552132129669	
2113.58074516	4315.0	0.0410459041595	
1313.68156129	2502.0	0.0240521430969	
3066.39602641	6968.0	0.0698177814484	
892.458211296	1353.0	0.0127038955688	
2515.79252038	4428.0	0.0425841808319	
1334.07427038	2883.0	0.0388128757477	
1623.63363339	2183.0	0.0262320041656	
541.464246309	523.0	0.0055079460144	
1406.23724296	1948.0	0.0210280418396	
2630.5901513	7336.0	0.0781950950623	
346.140784515	125.0	0.0011420249939	
750.647290865	895.0	0.00907492637634	
2939.66430168	6185.0	0.0651140213013	
1546.88329834	2830.0	0.0290629863739	
2524.660448	3489.0	0.0353529453278	
686.313541513	919.0	0.0097770690918	
583.236028938	602.0	0.00579595565796	
1953.87230845	4456.0	0.0467479228973	
2345.3130938	4654.0	0.0478279590607	
2155.93904097	4903.0	0.0506389141083	
1999.79466093	2805.0	0.0275890827179	
733.039020278	661.0	0.0072021484375	
1723.55624066	4948.0	0.0487740039825	
2937.24899039	5992.0	0.0596101284027	
2315.98317662	5966.0	0.0614519119263	
2277.37703094	4451.0	0.0454230308533	
2422.9101586	4883.0	0.0504450798035	
3741.09334473	7498.0	0.0731060504913	
1622.97520742	2876.0	0.0277450084686	
2517.13621667	3811.0	0.0379137992859	
1443.64835319	3342.0	0.0317389965057	
2151.90302831	5198.0	0.0520141124725	
2045.72149318	4503.0	0.0446488857269	
2431.94920878	3827.0	0.0365738868713	
1984.99589074	5645.0	0.0575020313263	
1951.3609754	6337.0	0.0680329799652	
1281.36298986	2176.0	0.0225849151611	
2788.66566677	5123.0	0.0531899929047	
903.130405425	1396.0	0.0142300128937	
1179.30782827	1669.0	0.0157301425934	
1406.1049445	3012.0	0.0312068462372	
2451.84623308	5444.0	0.0553991794586	
2843.04649332	6092.0	0.0633590221405	
2035.43413148	2919.0	0.0307409763336	
2464.95000305	7555.0	0.0811109542847	
1853.52536088	4264.0	0.0440609455109	
3592.46652127	7314.0	0.0726599693298	
3961.06274148	8017.0	0.0834259986877	
1738.42184374	3497.0	0.0360310077667	
2263.58420116	5532.0	0.0538589954376	
1027.39398645	1687.0	0.0162301063538	
3358.13477126	7050.0	0.0790400505066	
1790.90123988	4143.0	0.0516769886017	
2771.27087183	5735.0	0.0613849163055	
3631.77105279	7500.0	0.0733211040497	
3665.13992068	7861.0	0.0768241882324	
3026.24435127	6760.0	0.0652968883514	
3056.6998314	7140.0	0.0702259540558	
1193.73456079	2093.0	0.0207488536835	
2268.32601069	6572.0	0.0645639896393	
1089.26531355	1301.0	0.0120439529419	
2265.54774274	7164.0	0.0709588527679	
2260.54412553	5225.0	0.0514731407166	
2555.72781485	7027.0	0.0672671794891	
3944.76559175	8059.0	0.0801839828491	
908.028515059	1405.0	0.0138781070709	
930.892860495	1289.0	0.0121159553528	
2199.24659178	3903.0	0.03679895401	
3463.91137501	7350.0	0.0782239437103	
2048.22073452	4338.0	0.0462589263916	
3110.43551258	8155.0	0.113122940063	
840.233612871	726.0	0.00893616676331	
1498.94949023	1989.0	0.0214040279388	
3562.91135845	7004.0	0.0770678520203	
2690.67249928	7964.0	0.102294921875	
831.227831457	1181.0	0.0118889808655	
2506.85552376	5157.0	0.058210849762	
1391.80006593	2565.0	0.0293049812317	
124.96523326	48.0	0.000505924224854	
3508.32445807	6235.0	0.0823490619659	
3976.83319481	8093.0	0.0983901023865	
4121.37575216	7826.0	0.095801115036	
1870.43962888	2919.0	0.0359439849854	
2370.53432382	5474.0	0.060683965683	
1364.9548337	1522.0	0.0165560245514	
1779.0843644	5280.0	0.0618958473206	
1804.82241988	3972.0	0.0411949157715	
754.980554352	799.0	0.00788998603821	
3018.14796241	6772.0	0.0662620067596	
2065.47221566	5558.0	0.054652929306	
3277.42102618	7779.0	0.076709985733	
621.46793595	633.0	0.00644993782043	
1889.46985873	3606.0	0.0362892150879	
623.998230486	680.0	0.0066180229187	
657.087501626	737.0	0.00731110572815	
2035.03878354	3755.0	0.0373959541321	
186.548868032	70.0	0.000783920288086	
2569.05836917	5243.0	0.0529210567474	
2595.10992442	5243.0	0.054013967514	
2662.34460125	6564.0	0.067211151123	
1257.95065273	2730.0	0.0266599655151	
1705.24302827	3187.0	0.0324070453644	
2363.12124154	4829.0	0.0510909557343	
4172.3499824	8206.0	0.100098133087	
1236.79339267	2124.0	0.024374961853	
2039.84092085	4759.0	0.0587959289551	
828.4915594	1056.0	0.0126130580902	
1908.29923403	5847.0	0.0730171203613	
256.606728943	120.0	0.00247406959534	
715.766050458	910.0	0.0115671157837	
3173.71984704	7480.0	0.0906119346619	
4014.77304157	8033.0	0.0955028533936	
897.093836938	1345.0	0.0161230564117	
749.576306773	951.0	0.0110318660736	
2485.91298241	5609.0	0.067352771759	
1188.06279248	1581.0	0.0182549953461	
2651.93402077	3500.0	0.0425379276276	
2493.56967766	5479.0	0.0580348968506	
280.128046477	147.0	0.0014488697052	
3294.98343601	6063.0	0.0634069442749	
2032.35961128	4788.0	0.050626039505	
2108.48528351	3163.0	0.0319399833679	
1005.57711663	1034.0	0.00958299636841	
974.388004039	1662.0	0.0172188282013	
1826.3649595	3502.0	0.0351889133453	
1975.09947504	4043.0	0.0399839878082	
1298.43360834	1765.0	0.0162999629974	
1603.99771795	2494.0	0.0240008831024	
1243.76970651	1927.0	0.0195550918579	
3204.01874413	7291.0	0.0714800357819	
2245.63749239	3253.0	0.032219171524	
2599.78620651	6214.0	0.0608990192413	
2149.77350413	3020.0	0.0286049842834	
2607.18742362	5190.0	0.0513958930969	
642.378083854	585.0	0.00548195838928	
1114.29930432	1958.0	0.0186088085175	
2742.24563531	5902.0	0.0587949752808	
378.114422579	280.0	0.00264286994934	
677.310122798	819.0	0.00810694694519	
2586.04121584	5778.0	0.0560820102692	
1941.4594898	4446.0	0.0444569587708	
3129.35109454	5868.0	0.0566339492798	
1985.4592451	4303.0	0.0409910678864	
1108.99726781	1262.0	0.013839006424	
478.859075883	410.0	0.00419902801514	
972.592440905	1553.0	0.0157449245453	
2346.19960333	5982.0	0.0638360977173	
1032.29853787	1155.0	0.0110800266266	
1839.08637719	2648.0	0.0264887809753	
1805.87315548	2942.0	0.0296010971069	
3228.52705212	6148.0	0.0596218109131	
3214.57808875	7093.0	0.075366973877	
2270.97718651	6260.0	0.0616929531097	
633.695126255	652.0	0.00623512268066	
2773.20739166	7002.0	0.0669088363647	
2809.56427099	7402.0	0.074166059494	
659.952531052	757.0	0.00788807868958	
2449.57497075	5169.0	0.0495419502258	
2159.17482227	6597.0	0.0654530525208	
3892.01432081	8160.0	0.0814428329468	
2270.19157906	6145.0	0.0605549812317	
3271.05387469	5648.0	0.053503036499	
1266.05638408	2482.0	0.0242919921875	
1569.76471578	4049.0	0.0417630672455	
3870.29682154	7782.0	0.0763740539551	
3150.60199043	8076.0	0.0785300731659	
525.459272469	507.0	0.00486183166504	
1166.76523467	2278.0	0.0238320827484	
2660.38684768	5611.0	0.0551309585571	
4056.22468821	7678.0	0.0744960308075	
2306.10167443	4139.0	0.0408530235291	
2362.26890449	3612.0	0.0349228382111	
1383.66200302	3050.0	0.0301229953766	
2986.85556259	5489.0	0.0565059185028	
2476.70987829	6329.0	0.0632379055023	
3075.12482889	6773.0	0.0672721862793	
2727.4780903	6233.0	0.0658228397369	
1257.66370545	2147.0	0.0205199718475	
2322.8087892	4588.0	0.0444548130035	
500.407512683	441.0	0.00519800186157	
2366.74340238	3987.0	0.0511469841003	
1106.90286668	2097.0	0.0253159999847	
2907.29988201	5990.0	0.0636920928955	
1855.52802664	5446.0	0.0603270530701	
1713.36064033	3091.0	0.0324060916901	
1351.61225144	1881.0	0.0195620059967	
2966.87842806	6149.0	0.0627980232239	
4590.1177878	8129.0	0.0805749893188	
2020.84877911	4789.0	0.0511288642883	
3447.0570941	7220.0	0.0749170780182	
1979.30280088	2565.0	0.0266621112823	
1599.09764068	1335.0	0.0135898590088	
1131.90099443	1686.0	0.0175170898438	
2414.46309286	4328.0	0.0430219173431	
1719.40802949	4555.0	0.0466310977936	
1018.36790875	1684.0	0.0162000656128	
2205.89625217	3926.0	0.0387499332428	
525.979256852	504.0	0.00489902496338	
2078.5965078	4205.0	0.0396060943604	
2666.73431774	5522.0	0.05575299263	
2369.64122935	3799.0	0.038556098938	
2337.5371687	5192.0	0.0525059700012	
2006.74432855	4303.0	0.0544819831848	
2275.64874803	3520.0	0.0343191623688	
3371.6296367	7606.0	0.0738699436188	
832.686525567	1054.0	0.0104370117188	
1127.18785539	1150.0	0.0107748508453	
2054.00508515	4483.0	0.0439238548279	
968.526951765	1624.0	0.0162479877472	
980.578047441	1672.0	0.0158269405365	
703.52378721	724.0	0.00693202018738	
1115.12192216	1878.0	0.0183899402618	
1767.17741094	4145.0	0.0410499572754	
3187.36021608	6509.0	0.0639941692352	
3060.8863867	7475.0	0.0749688148499	
1894.66625398	4074.0	0.0395431518555	
4030.29637653	8022.0	0.0778241157532	
1589.10984878	1590.0	0.0144112110138	
993.952332853	1286.0	0.0120670795441	
707.86049913	914.0	0.00865602493286	
2006.5803589	5691.0	0.0570449829102	
2765.80964471	4604.0	0.0436029434204	
1419.04639132	1813.0	0.0178110599518	
2062.49362829	5261.0	0.0545518398285	
1046.4679755	1673.0	0.0167880058289	
3744.28013436	6851.0	0.0652949810028	
1804.50933946	2978.0	0.0281720161438	
1314.64459916	2819.0	0.0277049541473	
2560.91900868	5831.0	0.057373046875	
3956.49214308	7657.0	0.0764629840851	
1030.07257831	1832.0	0.0206251144409	
1434.24765315	3134.0	0.0343489646912	
2650.94908785	8080.0	0.0914831161499	
818.328762391	1197.0	0.0123529434204	
1793.689928	3546.0	0.0379948616028	
2831.04612551	7059.0	0.0776228904724	
2430.65720906	6704.0	0.0694351196289	
2017.99885181	4107.0	0.038938999176	
1392.01127503	3101.0	0.0299899578094	
3595.96760579	6684.0	0.0646269321442	
3249.22821128	7882.0	0.0782160758972	
1162.98299566	2391.0	0.0237390995026	
1941.16699615	4125.0	0.0396740436554	
1815.5253778	4126.0	0.0406911373138	
2402.53141484	5261.0	0.0532379150391	
1109.06304591	1222.0	0.0115559101105	
1072.20549004	1786.0	0.0174989700317	
2678.87377412	5471.0	0.0531239509583	
851.197224495	891.0	0.00829887390137	
2679.47797996	5265.0	0.0530569553375	
2312.29056516	7394.0	0.0790109634399	
970.771618237	1473.0	0.0159080028534	
1607.25233063	3524.0	0.0382690429688	
999.475905998	1670.0	0.0196580886841	
1691.88043995	4495.0	0.0467500686646	
2469.24704553	5724.0	0.058534860611	
3107.13537213	6715.0	0.0743060112	
1632.77216214	2724.0	0.0291440486908	
1564.9039916	2508.0	0.0258979797363	
2667.90368185	6820.0	0.0725080966949	
3539.74104972	7459.0	0.0809700489044	
2425.36838233	6278.0	0.0663838386536	
2147.5880017	3153.0	0.0317709445953	
3355.87091289	7598.0	0.0760281085968	
2211.85102221	4674.0	0.0457580089569	
689.831136875	876.0	0.0084400177002	
502.41527647	468.0	0.00435614585876	
1017.90570304	1750.0	0.0174250602722	
2704.09304474	5863.0	0.0583391189575	
388.813013942	169.0	0.00157594680786	
3137.56234974	6220.0	0.0611169338226	
3491.00302354	7897.0	0.0771880149841	
1301.69349508	2576.0	0.0253620147705	
1437.89553404	2286.0	0.0221998691559	
1391.4177938	3242.0	0.0332159996033	
1852.44420103	2668.0	0.0247328281403	
1632.65890741	3141.0	0.0303990840912	
1230.2598805	2618.0	0.0287849903107	
1442.02188325	2029.0	0.0196449756622	
3315.63603185	6213.0	0.0630300045013	
3065.11424204	7547.0	0.0741591453552	
796.605431885	971.0	0.00918102264404	
3540.93670472	5952.0	0.0614140033722	
1060.19587058	1936.0	0.0199029445648	
1433.60215177	2902.0	0.0312569141388	
1843.63303399	3467.0	0.0346639156342	
3849.08005757	7546.0	0.0774149894714	
3422.51801338	6095.0	0.0597960948944	
1302.65920844	2905.0	0.0278289318085	
3281.64160751	6754.0	0.0654249191284	
1184.40224488	2200.0	0.0209338665009	
1468.14236259	3418.0	0.0336549282074	
2661.00624776	5983.0	0.0581848621368	
1497.80783376	1770.0	0.0164070129395	
2128.52407231	3610.0	0.0339260101318	
1133.83107778	1196.0	0.0114459991455	
1739.89396297	2015.0	0.018846988678	
3554.63021154	6970.0	0.066645860672	
3164.2002217	7307.0	0.0715038776398	
450.801363939	404.0	0.00374603271484	
1019.32576102	1526.0	0.0142979621887	
784.864953377	1065.0	0.00972485542297	
1226.00894375	1809.0	0.0178000926971	
897.683392994	1262.0	0.0127890110016	
2555.48444004	5529.0	0.0551528930664	
3241.76741338	6759.0	0.0648469924927	
2304.85189525	4110.0	0.0384409427643	
1724.33071758	1610.0	0.0147800445557	
2896.25297655	6078.0	0.060879945755	
1396.04767012	3188.0	0.0319340229034	
3565.54065839	7917.0	0.0761110782623	
2254.18117459	6000.0	0.0591781139374	
2220.09523671	6774.0	0.0666089057922	
3556.34393087	8078.0	0.0793418884277	
1142.17587042	1379.0	0.0131840705872	
2548.31470273	5216.0	0.0511322021484	
3955.76632764	8074.0	0.0801498889923	
2459.83370691	5907.0	0.0583200454712	
1157.73612924	1905.0	0.0181219577789	
3756.2829197	7706.0	0.0768058300018	
1576.5753638	3515.0	0.0344920158386	
2635.54938178	4246.0	0.0440609455109	
434.932079693	227.0	0.00211381912231	
3515.55392385	6037.0	0.059403181076	
2308.45597949	6970.0	0.068274974823	
1365.44954456	3101.0	0.0331671237946	
1387.33949648	2405.0	0.0226361751556	
972.67393611	1462.0	0.0151360034943	
1933.07773338	3537.0	0.0365929603577	
3454.60459059	7954.0	0.0839262008667	
1661.7137486	1697.0	0.0175149440765	
2944.92913745	5380.0	0.0533010959625	
3035.96538881	5039.0	0.0507428646088	
983.905359656	1750.0	0.01789021492	
2516.33894882	7456.0	0.076719045639	
517.453825186	371.0	0.0037670135498	
3156.25122436	7000.0	0.0684261322021	
734.498807488	481.0	0.00476813316345	
3817.152556	7588.0	0.0728328227997	
2372.72020105	4276.0	0.0409970283508	
3165.87207314	6116.0	0.0632700920105	
3487.1723904	7149.0	0.0736048221588	
690.681125987	910.0	0.0090491771698	
2412.40327188	3637.0	0.0348579883575	
4353.69663752	7756.0	0.0777499675751	
1145.73378185	1721.0	0.0164918899536	
2551.94909034	4806.0	0.0453391075134	
3260.87346767	6092.0	0.0596611499786	
674.948525811	772.0	0.00712704658508	
3155.68106114	7568.0	0.0762560367584	
1664.25076683	3972.0	0.039843082428	
2522.40015977	4771.0	0.0457708835602	
2177.92617986	6255.0	0.0618600845337	
3021.96815606	6078.0	0.0599620342255	
663.786842754	699.0	0.00659394264221	
535.982157472	463.0	0.00459599494934	
1104.38196542	1940.0	0.0193729400635	
2410.5033766	4030.0	0.0378351211548	
1908.32610353	4283.0	0.0414750576019	
2143.80747438	3095.0	0.0328822135925	
3504.52238739	7059.0	0.0686740875244	
3111.37146631	7113.0	0.0688869953156	
2963.91313659	6171.0	0.062597990036	
1837.67122126	2171.0	0.0209898948669	
2727.10763581	7527.0	0.0739221572876	
1480.76811909	3574.0	0.0340740680695	
2328.94373024	5573.0	0.0587909221649	
2314.73177017	3991.0	0.0412230491638	
775.574126856	348.0	0.0032320022583	
421.527536608	232.0	0.0020751953125	
2990.51853071	3977.0	0.0388820171356	
1706.73175305	4048.0	0.0396900177002	
3106.84041358	7232.0	0.0725688934326	
1601.56272663	3002.0	0.0286679267883	
930.866013434	1156.0	0.0114848613739	
1494.46923866	3481.0	0.0355670452118	
3728.21197264	7652.0	0.0754859447479	
1688.99978578	3789.0	0.0373210906982	
1993.38188837	5044.0	0.0484850406647	
1108.67047057	1531.0	0.0153799057007	
258.578255345	153.0	0.00143909454346	
2305.62474833	4669.0	0.0448620319366	
2855.31403514	7363.0	0.0734550952911	
1954.12666812	4963.0	0.0498950481415	
1855.34551454	4267.0	0.0421211719513	
1009.24331459	1661.0	0.0160758495331	
2681.87217493	5593.0	0.0545341968536	
1868.04473002	5011.0	0.0512909889221	
854.661760921	1068.0	0.010153055191	
2407.33076619	4091.0	0.0395138263702	
201.193252923	80.0	0.000818014144897	
2317.89548317	5447.0	0.0545418262482	
349.17497389	257.0	0.00243186950684	
775.329316551	601.0	0.00553703308105	
905.622405976	1507.0	0.0144250392914	
2310.88978965	7193.0	0.0699830055237	
389.537149166	265.0	0.00243592262268	
2397.79114553	3467.0	0.0336179733276	
2548.4859632	5511.0	0.0564749240875	
2852.86591618	6057.0	0.0579931735992	
2015.96388747	5303.0	0.0522091388702	
1952.46779275	2005.0	0.0186519622803	
3605.17290191	7477.0	0.0763070583344	
2552.55116677	5214.0	0.0529408454895	
2986.28515985	7474.0	0.0730421543121	
1967.7916891	5359.0	0.0549228191376	
1360.37434209	2735.0	0.025906085968	
942.040803477	1570.0	0.0144779682159	
3359.77437633	7348.0	0.0709481239319	
2348.75477741	4627.0	0.0474269390106	
1481.15803599	2449.0	0.0227439403534	
1730.90907528	3556.0	0.0330641269684	
993.171831915	1550.0	0.0149040222168	
4356.01469489	8113.0	0.0816359519958	
997.066561197	1192.0	0.0110409259796	
3616.82062454	7095.0	0.0687861442566	
1903.82665791	2540.0	0.0234620571136	
2139.22798098	2886.0	0.0274691581726	
1606.64771541	3128.0	0.032427072525	
3037.79563692	7664.0	0.0757849216461	
3242.55291987	5813.0	0.0562219619751	
987.424422541	1481.0	0.0141429901123	
2411.96796901	5380.0	0.0522902011871	
720.861819193	751.0	0.00707602500916	
850.596531554	1245.0	0.0119290351868	
1105.86595536	1909.0	0.0189390182495	
1792.98219583	2737.0	0.0274860858917	
3266.34167786	8120.0	0.0811939239502	
1472.5588543	1743.0	0.0169920921326	
810.010336134	1154.0	0.0119030475616	
3193.26963643	7497.0	0.0749011039734	
3060.64965623	5277.0	0.0523850917816	
1765.479344	5001.0	0.0494658946991	
2577.72600365	5818.0	0.0558450222015	
2718.19215164	5173.0	0.0500860214233	
3178.20929168	6897.0	0.0671370029449	
289.264231502	220.0	0.002032995224	
841.691384446	777.0	0.00722694396973	
3532.76545357	6257.0	0.0609490871429	
1208.89921108	2445.0	0.0247828960419	
2176.51354271	5783.0	0.057834148407	
1456.86490371	2675.0	0.0258119106293	
987.483908116	1692.0	0.0160701274872	
2166.37357875	4235.0	0.0408239364624	
852.609059172	765.0	0.00766897201538	
1045.40610414	1891.0	0.018082857132	
385.032741363	404.0	0.00382208824158	
2063.16539315	2228.0	0.021106004715	
812.822031996	1175.0	0.0112178325653	
419.677364794	318.0	0.00298404693604	
1934.96978052	5991.0	0.0594928264618	
2776.42760043	5401.0	0.0509541034698	
2868.67163044	6230.0	0.0628399848938	
779.890116269	1087.0	0.00997805595398	
3675.03722625	7717.0	0.0767800807953	
2386.36412558	4362.0	0.0422749519348	
1610.03800377	3910.0	0.0372700691223	
3005.09931341	7698.0	0.0741381645203	
2774.63710045	4209.0	0.0405530929565	
863.611997828	1206.0	0.0115489959717	
3032.03429545	8191.0	0.0804460048676	
3552.9925235	6870.0	0.0664699077606	
2220.7273891	3896.0	0.0372700691223	
2766.4610692	6136.0	0.0599000453949	
2263.04345379	6845.0	0.0669388771057	
1535.44504677	3073.0	0.0294020175934	
2363.68564883	4446.0	0.0432450771332	
1054.25966866	1959.0	0.0183300971985	
604.549270968	260.0	0.002366065979	
1793.14385494	3631.0	0.0366280078888	
1279.58551046	2822.0	0.0269100666046	
2302.55765251	3622.0	0.0348219871521	
1453.22488074	3645.0	0.0348930358887	
3743.40665341	7286.0	0.069619178772	
908.666525085	1441.0	0.0139379501343	
1272.19793717	2687.0	0.0268931388855	
2188.79506592	6928.0	0.0670461654663	
1849.28205948	2815.0	0.0262739658356	
2125.98436334	5251.0	0.0519289970398	
1630.23038274	4519.0	0.043534040451	
3662.51130185	7308.0	0.0703728199005	
737.38959644	932.0	0.00904417037964	
1285.77543721	2684.0	0.0267090797424	
2544.59484278	5132.0	0.0485990047455	
785.724247728	1058.0	0.0105259418488	
3238.42885357	6030.0	0.0579619407654	
1527.19607216	2979.0	0.0292611122131	
1301.645682	1404.0	0.0129120349884	
2537.87363289	5941.0	0.0578899383545	
1105.1408312	1631.0	0.0150060653687	
2932.19120724	5105.0	0.0490000247955	
2451.72121788	5838.0	0.0561420917511	
2547.22076888	3837.0	0.0373930931091	
