Cost	Requests	Runtime
334.394709889	33.0	6.91413879395e-05	
815.852799956	70.0	0.000119924545288	
1526.30036101	126.0	0.000227928161621	
1873.98240824	203.0	0.000275135040283	
1372.87246209	149.0	0.000207901000977	
1380.53058968	124.0	0.000172138214111	
413.92200995	50.0	7.9870223999e-05	
1178.00781155	131.0	0.000190019607544	
1534.40657895	178.0	0.000271081924438	
845.317323313	88.0	0.000150203704834	
1479.2100192	169.0	0.0002601146698	
342.49010231	34.0	7.5101852417e-05	
1209.73130447	142.0	0.000304937362671	
716.383925378	87.0	0.000216960906982	
1279.60661916	133.0	0.000203132629395	
824.637942388	97.0	0.000149965286255	
1970.21785731	205.0	0.000301122665405	
594.961387783	52.0	8.60691070557e-05	
744.654422383	88.0	0.000175952911377	
602.830981428	70.0	0.000119209289551	
838.254220189	95.0	0.000147104263306	
1289.46239126	151.0	0.000249862670898	
1508.36016595	167.0	0.000262022018433	
1300.87964589	124.0	0.000188827514648	
649.958579433	74.0	0.000136137008667	
986.363371631	106.0	0.000179052352905	
1057.53277017	124.0	0.00019097328186	
682.491862737	68.0	0.000125885009766	
791.728664818	70.0	0.000109910964966	
778.144195995	97.0	0.000141859054565	
1424.38264482	169.0	0.000336170196533	
1946.65528121	185.0	0.000298976898193	
322.681344957	34.0	6.19888305664e-05	
947.053916061	106.0	0.000156879425049	
1415.51306886	160.0	0.000262975692749	
1315.04403936	165.0	0.000245809555054	
1061.1837851	106.0	0.000205993652344	
1485.0916347	160.0	0.000322103500366	
458.85676829	61.0	0.0001060962677	
232.293329958	25.0	4.88758087158e-05	
1325.4209094	140.0	0.000222206115723	
1313.67382136	149.0	0.000225067138672	
848.713945895	87.0	0.000153064727783	
876.138236499	106.0	0.000165939331055	
673.633171526	61.0	0.000102996826172	
259.938187882	25.0	5.10215759277e-05	
518.951696451	55.0	9.70363616943e-05	
1409.86076841	141.0	0.000207901000977	
951.974262619	106.0	0.000156879425049	
1644.27219114	176.0	0.000236988067627	
1758.12342226	192.0	0.000279188156128	
1644.51354149	160.0	0.000208139419556	
396.59538531	43.0	8.10623168945e-05	
1142.34839012	133.0	0.000236988067627	
938.393623702	88.0	0.000128984451294	
1631.5100329	193.0	0.000257968902588	
661.077740505	59.0	0.000104904174805	
280.274467389	25.0	5.00679016113e-05	
512.016598197	41.0	7.79628753662e-05	
887.539128268	63.0	0.000117063522339	
784.441678189	87.0	0.000125169754028	
428.62335634	52.0	7.9870223999e-05	
1015.31777621	113.0	0.000153064727783	
1202.32969385	142.0	0.000192165374756	
392.978014504	31.0	6.19888305664e-05	
975.986871264	86.0	0.000124931335449	
654.401045684	70.0	0.000117063522339	
1064.26384548	105.0	0.000187158584595	
678.993517041	94.0	0.000146865844727	
467.135823104	43.0	7.70092010498e-05	
1214.56147677	133.0	0.000187873840332	
775.345446109	88.0	0.000144004821777	
1148.722877	149.0	0.000216007232666	
1105.54227454	115.0	0.000164985656738	
926.932626859	106.0	0.000149965286255	
650.768481217	79.0	0.000118017196655	
748.962663709	79.0	0.000114917755127	
326.831473272	25.0	4.88758087158e-05	
1371.36261403	142.0	0.000234127044678	
1290.3630011	148.0	0.000252962112427	
1106.38699173	114.0	0.000182151794434	
176.892944138	16.0	3.79085540771e-05	
306.515189464	25.0	4.79221343994e-05	
1144.64374666	142.0	0.000195980072021	
1527.03656775	176.0	0.000238180160522	
710.530630066	51.0	8.98838043213e-05	
516.480634846	70.0	0.000108957290649	
1455.68437993	186.0	0.000251054763794	
182.776246123	16.0	3.79085540771e-05	
485.671959645	34.0	6.19888305664e-05	
519.18581375	61.0	9.51290130615e-05	
1767.1682338	185.0	0.000246047973633	
1217.76150834	122.0	0.000188112258911	
639.183795527	70.0	0.000113964080811	
1297.44517257	142.0	0.000194072723389	
501.069599412	50.0	8.10623168945e-05	
1414.18812174	133.0	0.000238180160522	
792.378697351	97.0	0.000136852264404	
1313.05814388	148.0	0.000205993652344	
764.819322379	66.0	0.000102043151855	
1103.57671444	133.0	0.000182151794434	
358.899798698	43.0	7.00950622559e-05	
1234.86437511	133.0	0.000180006027222	
1976.00046253	230.0	0.000303983688354	
986.292386225	122.0	0.000197172164917	
635.500472558	61.0	0.000103950500488	
1195.46629615	133.0	0.000189065933228	
1224.74445082	132.0	0.000175952911377	
641.716920288	61.0	9.41753387451e-05	
664.105645342	79.0	0.000118017196655	
707.782001157	70.0	0.000113010406494	
1645.58531237	187.0	0.000308990478516	
2064.56192127	237.0	0.000311851501465	
1241.11285577	122.0	0.000172138214111	
1741.77891871	176.0	0.000247001647949	
1720.77112885	187.0	0.000268220901489	
360.697339096	42.0	8.79764556885e-05	
1537.29139768	185.0	0.000248908996582	
667.830006941	70.0	0.000108957290649	
911.3402827	104.0	0.000155925750732	
904.384991032	97.0	0.000144004821777	
433.478565186	60.0	8.70227813721e-05	
649.859309064	70.0	0.000108003616333	
374.426078995	41.0	7.60555267334e-05	
1613.88682821	212.0	0.000302076339722	
364.169555357	52.0	8.20159912109e-05	
861.408509104	96.0	0.000146865844727	
1162.35775905	119.0	0.000170946121216	
1211.28338743	124.0	0.000190019607544	
513.085745549	52.0	8.10623168945e-05	
877.48114298	70.0	0.000108957290649	
1521.88902864	178.0	0.000238180160522	
786.446948196	88.0	0.000130891799927	
1184.49663582	115.0	0.000158071517944	
1787.62369352	177.0	0.000233888626099	
588.960933882	52.0	8.10623168945e-05	
609.506326259	52.0	8.39233398438e-05	
1299.05514111	133.0	0.000186204910278	
518.179426987	41.0	8.29696655273e-05	
1208.44067201	124.0	0.000210046768188	
1390.65002461	167.0	0.0002760887146	
1295.88108828	137.0	0.000198841094971	
1397.63269141	140.0	0.000195980072021	
1795.0685302	174.0	0.000241994857788	
794.08262076	100.0	0.000149965286255	
1329.71248743	131.0	0.000236988067627	
1830.75781178	213.0	0.000290870666504	
308.458088389	43.0	7.60555267334e-05	
1507.64847007	177.0	0.000254154205322	
321.501219412	34.0	6.41345977783e-05	
1807.86776198	222.0	0.000303983688354	
1247.25793916	122.0	0.000175952911377	
1295.21034842	149.0	0.00019907951355	
585.904297676	78.0	0.000113964080811	
1698.92472083	194.0	0.000253915786743	
1051.60835098	124.0	0.000167846679688	
1406.41323397	142.0	0.000195980072021	
822.28215905	84.0	0.000128984451294	
1162.57693446	115.0	0.00016188621521	
323.033950803	43.0	6.89029693604e-05	
1112.0314365	106.0	0.000188112258911	
2044.48615146	203.0	0.000300168991089	
335.607470824	51.0	8.58306884766e-05	
652.883842201	70.0	0.000104904174805	
378.498979757	43.0	6.79492950439e-05	
622.777855382	59.0	9.29832458496e-05	
787.55034137	79.0	0.000113964080811	
1050.29166082	109.0	0.000175952911377	
336.357645714	43.0	7.29560852051e-05	
972.924419381	86.0	0.000133037567139	
557.739956733	61.0	9.58442687988e-05	
1071.61673746	133.0	0.000181913375854	
1083.1754291	124.0	0.000167846679688	
700.164579466	86.0	0.000132083892822	
1057.50881699	114.0	0.000182151794434	
799.410668318	115.0	0.000164031982422	
921.684835605	113.0	0.000164985656738	
666.584884216	61.0	9.70363616943e-05	
1982.40841259	209.0	0.000277042388916	
1158.86802217	133.0	0.00018310546875	
739.236888157	88.0	0.000123023986816	
934.973169697	88.0	0.000124931335449	
2123.71793815	283.0	0.000385999679565	
1311.62813452	150.0	0.000200033187866	
1980.91343236	224.0	0.000301122665405	
1812.46311436	205.0	0.00030517578125	
775.005256427	79.0	0.000116109848022	
1057.65895463	106.0	0.000150918960571	
1522.25554462	160.0	0.000219106674194	
984.58798953	114.0	0.000159978866577	
1141.88971157	122.0	0.000170946121216	
693.455548858	70.0	0.000104188919067	
450.417393155	52.0	7.79628753662e-05	
364.927114467	34.0	6.00814819336e-05	
945.992959731	97.0	0.00013279914856	
1952.35423067	183.0	0.00025486946106	
440.450682958	52.0	9.89437103271e-05	
268.257943175	24.0	5.3882598877e-05	
801.377816764	105.0	0.000155925750732	
1502.14620501	136.0	0.000205039978027	
518.652412647	43.0	7.5101852417e-05	
1960.04780679	222.0	0.000298976898193	
566.186366082	70.0	0.000104904174805	
1020.6415829	88.0	0.000126123428345	
1443.2442517	177.0	0.000232934951782	
780.972065519	105.0	0.000144004821777	
1254.70484284	130.0	0.000187158584595	
223.723534058	25.0	4.79221343994e-05	
894.924533231	97.0	0.000147819519043	
1282.22219345	167.0	0.000255823135376	
2020.86451187	221.0	0.000302076339722	
1115.44301805	115.0	0.000159025192261	
767.819780322	105.0	0.000147104263306	
558.884039284	70.0	0.000102043151855	
392.164464445	43.0	7.29560852051e-05	
1670.10346487	176.0	0.000243902206421	
460.862865424	52.0	8.29696655273e-05	
856.684886953	97.0	0.000138998031616	
1368.71706107	168.0	0.000221967697144	
923.881866074	104.0	0.000146865844727	
1854.36380454	203.0	0.000272989273071	
635.478971945	68.0	0.000139951705933	
1123.52386502	124.0	0.000189065933228	
185.709057177	14.0	3.60012054443e-05	
1340.15578851	145.0	0.000217914581299	
1932.02765488	223.0	0.000293970108032	
689.98211993	106.0	0.000144004821777	
1275.68546568	131.0	0.000180959701538	
1377.22407494	142.0	0.000192880630493	
1833.04416078	176.0	0.000241994857788	
949.605831914	106.0	0.000146150588989	
1752.68940982	185.0	0.000287055969238	
398.274598557	34.0	6.29425048828e-05	
1163.56021283	115.0	0.000168085098267	
827.667283216	97.0	0.00014591217041	
425.639267751	42.0	7.00950622559e-05	
2297.97726822	276.0	0.000358104705811	
1110.74055056	130.0	0.000174045562744	
400.828620708	52.0	8.58306884766e-05	
892.958795562	61.0	0.000120878219604	
329.029239948	33.0	6.38961791992e-05	
703.097829505	61.0	9.29832458496e-05	
2005.44991177	239.0	0.000319004058838	
1849.14621584	205.0	0.000284194946289	
293.778471209	25.0	5.29289245605e-05	
720.037627947	79.0	0.000135183334351	
869.468789002	88.0	0.000138998031616	
1346.99041719	151.0	0.000203132629395	
888.837627544	97.0	0.000209093093872	
1408.07196343	116.0	0.000180959701538	
311.822623383	25.0	5.88893890381e-05	
2506.5556424	275.0	0.000373840332031	
1744.99114792	196.0	0.000261783599854	
1605.44535666	169.0	0.000226974487305	
1796.29808917	210.0	0.000277996063232	
683.610687235	70.0	0.000110864639282	
1922.20809285	213.0	0.000352144241333	
1635.06899197	176.0	0.000236988067627	
1591.78455634	187.0	0.000253200531006	
1490.77446638	160.0	0.000221014022827	
908.685663815	115.0	0.000172138214111	
1610.54105535	174.0	0.000237941741943	
1459.16802892	167.0	0.000229835510254	
911.706304396	106.0	0.000162839889526	
1790.61465813	203.0	0.000323057174683	
1199.00726548	124.0	0.000176906585693	
1392.03800151	177.0	0.000232934951782	
567.522312998	61.0	9.10758972168e-05	
2218.43196698	266.0	0.000344038009644	
599.667705751	52.0	8.10623168945e-05	
1448.22050766	133.0	0.000195026397705	
463.656468089	52.0	8.41617584229e-05	
1628.32280726	167.0	0.000225067138672	
1005.65983552	133.0	0.000191926956177	
1117.57651596	106.0	0.000179052352905	
1836.98740357	194.0	0.000266075134277	
1617.22939292	185.0	0.00025200843811	
1142.98935927	140.0	0.000193119049072	
894.496112817	101.0	0.000149011611938	
908.202793731	97.0	0.000144958496094	
1929.39161488	232.0	0.000311136245728	
1113.74839814	106.0	0.000149011611938	
579.497327816	52.0	8.20159912109e-05	
1582.30573503	187.0	0.000263929367065	
1070.30878737	133.0	0.000200986862183	
1111.81870077	124.0	0.000171899795532	
1098.76906027	106.0	0.000150918960571	
1036.43886278	106.0	0.000149011611938	
1814.63658816	203.0	0.00027322769165	
1735.22988103	204.0	0.000265121459961	
922.488054874	86.0	0.000125169754028	
1136.18125036	133.0	0.000180006027222	
775.152328138	114.0	0.000162839889526	
1125.05849056	124.0	0.000209093093872	
847.913670837	104.0	0.000151872634888	
911.25475193	90.0	0.000149011611938	
1913.23338319	232.0	0.000320911407471	
372.091827117	51.0	8.01086425781e-05	
1275.70279738	133.0	0.00018310546875	
653.108009282	87.0	0.000123023986816	
707.573937014	70.0	0.000102996826172	
1225.1236629	138.0	0.000195026397705	
992.022239558	115.0	0.000163078308105	
441.284718153	43.0	7.10487365723e-05	
861.873696758	97.0	0.000135183334351	
1280.92066777	141.0	0.000191926956177	
1508.35628331	187.0	0.000279188156128	
1876.37019878	157.0	0.000272035598755	
120.709089162	24.0	4.38690185547e-05	
1183.12002694	140.0	0.000191926956177	
537.715644918	60.0	9.20295715332e-05	
892.865087015	88.0	0.000133037567139	
961.200767009	96.0	0.000134944915771	
1430.78451415	149.0	0.000199794769287	
1562.82469688	194.0	0.000247955322266	
512.031988987	61.0	9.01222229004e-05	
1692.94486542	167.0	0.000224113464355	
1528.26850212	160.0	0.000234842300415	
2021.49019654	209.0	0.00030517578125	
374.062187647	34.0	6.00814819336e-05	
407.14567062	51.0	7.79628753662e-05	
875.237087672	88.0	0.000135183334351	
769.217477036	70.0	0.000109910964966	
1389.42484951	122.0	0.000179052352905	
339.283663738	30.0	6.103515625e-05	
1331.01434705	133.0	0.000187873840332	
1508.39053885	170.0	0.000249147415161	
1129.68671595	114.0	0.000187873840332	
1610.41046007	194.0	0.000266075134277	
1262.70825684	133.0	0.000202178955078	
1020.71560138	113.0	0.000182867050171	
861.552671771	105.0	0.000178098678589	
882.060804085	105.0	0.00014591217041	
923.334689611	88.0	0.000124931335449	
266.161765323	14.0	3.71932983398e-05	
1096.87419199	131.0	0.000176191329956	
113.592042205	15.0	3.2901763916e-05	
1787.26360103	185.0	0.000278949737549	
677.495046588	77.0	0.000113010406494	
1433.99426633	131.0	0.000191926956177	
1307.09899891	141.0	0.000192165374756	
833.43806481	97.0	0.000144958496094	
112.61465603	16.0	3.50475311279e-05	
1522.3090374	185.0	0.000258922576904	
1230.63074462	142.0	0.000211000442505	
1708.00418283	177.0	0.000242948532104	
879.246431554	114.0	0.000164985656738	
1371.26901794	130.0	0.000200033187866	
1215.58476446	133.0	0.000221967697144	
1935.81131869	200.0	0.000272989273071	
1172.24794099	133.0	0.000180006027222	
1390.29744273	142.0	0.000212907791138	
561.162051517	50.0	8.48770141602e-05	
688.096613239	70.0	0.000107049942017	
404.850428803	43.0	7.20024108887e-05	
1142.8361058	124.0	0.000175952911377	
675.612326243	70.0	0.000105142593384	
1055.59595643	132.0	0.000190019607544	
1072.18103418	113.0	0.000156879425049	
266.325782937	33.0	6.29425048828e-05	
1232.31445991	122.0	0.000189065933228	
854.072827012	97.0	0.000180006027222	
1621.85098306	204.0	0.000505924224854	
207.426717823	24.0	5.69820404053e-05	
1604.4956371	152.0	0.000274181365967	
1082.20944832	141.0	0.000244140625	
1507.99886889	169.0	0.000248908996582	
1297.57982093	124.0	0.00019097328186	
418.535792577	50.0	0.000110864639282	
1257.70324628	133.0	0.000217914581299	
1754.90714539	195.0	0.000297069549561	
1386.40482615	160.0	0.000255823135376	
1439.77711035	187.0	0.000369071960449	
820.989353975	95.0	0.000157117843628	
415.657705842	51.0	0.00016188621521	
2076.81175122	220.0	0.000313997268677	
1648.71490813	187.0	0.000275135040283	
1464.34412654	142.0	0.000205993652344	
1851.28549768	213.0	0.000302076339722	
1713.69672584	186.0	0.000280141830444	
1775.95596566	187.0	0.000272989273071	
902.408219404	97.0	0.000148057937622	
1750.7823539	184.0	0.000297069549561	
2412.30148523	230.0	0.000344038009644	
1141.13011552	106.0	0.000168085098267	
672.971066384	70.0	0.000178098678589	
1890.67778652	185.0	0.000272035598755	
894.580971428	106.0	0.000169992446899	
1344.23484229	158.0	0.000263929367065	
1144.11676651	133.0	0.000308036804199	
491.63814157	40.0	9.51290130615e-05	
1310.85357272	139.0	0.000247955322266	
838.055655527	97.0	0.000163078308105	
697.346930014	79.0	0.000134944915771	
1214.34608461	133.0	0.000244855880737	
360.284682796	34.0	6.5803527832e-05	
413.676771796	25.0	5.3882598877e-05	
160.30466556	8.0	3.60012054443e-05	
2033.96586224	239.0	0.000387191772461	
1875.67004891	193.0	0.000333070755005	
983.263311941	123.0	0.000253200531006	
1618.05789041	186.0	0.000277042388916	
852.857304545	88.0	0.000146150588989	
602.995044963	61.0	0.000195026397705	
659.798004061	79.0	0.000139951705933	
1227.46513772	133.0	0.000214099884033	
1601.41656751	176.0	0.000351905822754	
807.598021188	112.0	0.000180006027222	
2412.06262857	265.0	0.000442981719971	
1602.5042873	165.0	0.000256061553955	
1668.11231283	168.0	0.00026798248291	
1032.6663863	97.0	0.000163793563843	
1161.64377585	113.0	0.000185012817383	
792.43892793	88.0	0.000142812728882	
1000.51012842	115.0	0.000195980072021	
1433.55250591	142.0	0.000213146209717	
762.528705118	97.0	0.000180006027222	
1417.2820389	142.0	0.000274896621704	
1255.3553347	151.0	0.000329971313477	
1385.53166559	142.0	0.000411987304688	
1172.66891648	124.0	0.000203132629395	
806.974632482	77.0	0.000140905380249	
915.971513753	97.0	0.00020694732666	
916.917855522	106.0	0.000165939331055	
2069.73186525	266.0	0.000414133071899	
1487.50575168	176.0	0.000288963317871	
2012.62279437	266.0	0.000397205352783	
299.795926205	34.0	0.000144004821777	
835.418138943	86.0	0.000145196914673	
1611.51485226	141.0	0.000247955322266	
752.553812142	77.0	0.000136852264404	
657.803042569	78.0	0.000126123428345	
2328.91900093	250.0	0.000416040420532	
709.916589777	88.0	0.000149011611938	
522.522972429	60.0	9.89437103271e-05	
2003.92253568	212.0	0.000301122665405	
1949.14730594	220.0	0.000381946563721	
1102.04979685	114.0	0.000164031982422	
1870.36459816	205.0	0.000306844711304	
1630.79315483	160.0	0.000236988067627	
1777.28762198	197.0	0.00031590461731	
1291.56703566	131.0	0.000291109085083	
2206.82113635	284.0	0.000524044036865	
1868.9109993	221.0	0.000314950942993	
1887.64528698	208.0	0.000307083129883	
1279.64743324	169.0	0.000231027603149	
1388.50613137	142.0	0.000191926956177	
1056.16334284	115.0	0.000202894210815	
2230.31188473	255.0	0.000382900238037	
1197.27472714	142.0	0.000195026397705	
1610.80409545	185.0	0.000251770019531	
740.397548622	79.0	0.000114917755127	
269.53593811	16.0	3.91006469727e-05	
1723.35261262	211.0	0.0002760887146	
2062.27692529	249.0	0.000322103500366	
1582.07766155	185.0	0.00025200843811	
2230.55845777	266.0	0.000385999679565	
2092.13658917	232.0	0.000330924987793	
444.853795649	60.0	9.10758972168e-05	
1532.30231437	187.0	0.000266075134277	
132.037485736	16.0	3.69548797607e-05	
1414.48086426	149.0	0.000207901000977	
870.325587417	97.0	0.000138998031616	
1010.8329649	115.0	0.000160932540894	
591.050365123	61.0	9.29832458496e-05	
816.490425862	79.0	0.000120162963867	
497.327570192	52.0	8.39233398438e-05	
732.187044783	86.0	0.000127792358398	
641.815494709	79.0	0.000212907791138	
611.451650155	61.0	9.89437103271e-05	
738.004370812	79.0	0.00017786026001	
637.484890938	59.0	0.000118017196655	
99.5651246479	8.0	2.59876251221e-05	
1629.50692124	151.0	0.000249147415161	
1773.7776299	193.0	0.000293016433716	
2523.10831703	283.0	0.000425815582275	
945.74620075	113.0	0.000189065933228	
757.182597681	79.0	0.0001380443573	
1650.1495362	158.0	0.00031590461731	
1726.65136869	187.0	0.0002760887146	
991.601914853	106.0	0.000163078308105	
842.475958319	88.0	0.000213146209717	
1280.09155567	132.0	0.000219821929932	
1408.13788505	150.0	0.000229835510254	
677.129033011	70.0	0.000116109848022	
867.826916699	74.0	0.000179052352905	
1059.27051554	115.0	0.000191926956177	
580.549446032	61.0	0.000113010406494	
152.911198838	24.0	5.10215759277e-05	
1259.54887648	168.0	0.000277996063232	
1100.54660577	115.0	0.000185012817383	
1769.73191494	212.0	0.000487089157104	
708.06484523	61.0	0.000159978866577	
1396.2541316	141.0	0.000292062759399	
473.646525056	52.0	0.000125169754028	
1023.71816184	104.0	0.000182867050171	
789.829972858	97.0	0.000153064727783	
1161.96383462	133.0	0.000232934951782	
873.8482732	106.0	0.000245094299316	
473.912016275	52.0	9.70363616943e-05	
1625.63649986	178.0	0.000278949737549	
1387.8738371	165.0	0.000295877456665	
505.879012881	43.0	8.60691070557e-05	
653.808922059	70.0	0.000128984451294	
637.658198984	68.0	0.000123023986816	
1161.61867511	131.0	0.000216007232666	
267.790795582	24.0	5.50746917725e-05	
152.066072176	23.0	5.10215759277e-05	
1241.30486282	160.0	0.000316858291626	
1080.15544475	106.0	0.000198125839233	
1462.03324786	196.0	0.000316858291626	
954.959499633	104.0	0.00016188621521	
466.707647719	69.0	0.000150918960571	
383.682062416	43.0	7.89165496826e-05	
1337.05756349	165.0	0.00029182434082	
644.985518461	47.0	0.000105142593384	
644.05063956	61.0	0.000112056732178	
846.765793049	88.0	0.000145196914673	
1003.8775106	114.0	0.000182151794434	
1869.07307228	194.0	0.000355958938599	
780.271105713	97.0	0.000202894210815	
496.430695292	43.0	8.20159912109e-05	
1211.87875443	98.0	0.000186920166016	
955.833935336	96.0	0.0001540184021	
269.424420219	34.0	7.89165496826e-05	
1388.59327177	149.0	0.000245094299316	
352.896535953	52.0	8.98838043213e-05	
823.923833016	97.0	0.000153064727783	
1084.91539162	122.0	0.000177145004272	
885.287786641	97.0	0.000140905380249	
1643.99235238	167.0	0.000243186950684	
1283.40760073	142.0	0.000221967697144	
849.392002833	97.0	0.000180006027222	
1906.65838606	211.0	0.000339984893799	
562.44829137	67.0	0.000107049942017	
556.057314327	52.0	8.39233398438e-05	
958.561489964	106.0	0.000156164169312	
1735.84034541	187.0	0.000319004058838	
566.152053594	52.0	9.60826873779e-05	
635.276156736	94.0	0.000149965286255	
1263.37593645	142.0	0.000224828720093	
787.479767217	86.0	0.000133991241455	
1952.788522	232.0	0.000368118286133	
1825.89792371	211.0	0.000329971313477	
617.592349686	79.0	0.000120878219604	
534.827771684	69.0	0.00010085105896	
1270.20628561	160.0	0.000216007232666	
228.442748608	33.0	5.19752502441e-05	
883.167971375	111.0	0.000155925750732	
287.351348245	24.0	4.60147857666e-05	
903.212120292	106.0	0.000144958496094	
620.497713187	76.0	0.000111103057861	
108.825594872	8.0	2.40802764893e-05	
483.580759262	52.0	8.58306884766e-05	
1025.7146326	95.0	0.000143051147461	
565.263899102	39.0	7.41481781006e-05	
1489.13659314	194.0	0.000277042388916	
657.112168339	70.0	0.000119924545288	
706.669747748	79.0	0.000131845474243	
768.795863	97.0	0.00014591217041	
910.544945669	97.0	0.000159025192261	
416.961650848	34.0	7.20024108887e-05	
893.841174764	88.0	0.000131845474243	
1475.30201401	142.0	0.00020694732666	
1003.42378318	97.0	0.000163078308105	
1730.61472439	176.0	0.000239133834839	
1849.14239316	221.0	0.000288963317871	
761.523770899	97.0	0.000149011611938	
1020.11630607	130.0	0.000198841094971	
1299.82177653	169.0	0.000231981277466	
1110.60467303	124.0	0.000187873840332	
1885.8464573	204.0	0.000267028808594	
1559.25439361	162.0	0.000235795974731	
558.154924504	59.0	9.3936920166e-05	
2334.75447008	273.0	0.000366926193237	
371.336328154	42.0	7.10487365723e-05	
509.7232931	61.0	0.00010085105896	
383.956474975	34.0	6.31809234619e-05	
1484.74407921	166.0	0.000234842300415	
1417.87621983	160.0	0.000247001647949	
1416.20913492	141.0	0.000220060348511	
2198.17601803	248.0	0.000349044799805	
702.170878273	78.0	0.000121116638184	
1024.3311937	106.0	0.000151872634888	
2311.8195932	259.0	0.000394105911255	
931.598348288	96.0	0.000230073928833	
798.515337817	86.0	0.000191926956177	
588.525961285	79.0	0.000120162963867	
826.29499326	79.0	0.00012993812561	
2147.60154965	219.0	0.000423192977905	
1803.46206495	211.0	0.000303983688354	
841.910070358	79.0	0.000146865844727	
1271.82257133	144.0	0.000216007232666	
709.177357696	78.0	0.000113964080811	
221.530405998	25.0	5.19752502441e-05	
1709.18355868	203.0	0.000288009643555	
990.748774892	124.0	0.000180959701538	
840.873702531	100.0	0.000178098678589	
1125.40980073	147.0	0.000231027603149	
863.269469624	79.0	0.000128984451294	
1636.31476286	210.0	0.000339031219482	
946.966911361	106.0	0.000178098678589	
526.45993527	42.0	7.70092010498e-05	
836.628205084	70.0	0.000118017196655	
1842.7460031	203.0	0.000472068786621	
727.721000074	70.0	0.000205039978027	
1371.59890807	151.0	0.000235080718994	
1543.23917741	177.0	0.000322103500366	
1963.2423546	256.0	0.000386953353882	
1143.54838176	115.0	0.0002121925354	
1304.03020918	167.0	0.000272035598755	
276.588185333	14.0	4.6968460083e-05	
916.373896432	113.0	0.000227928161621	
1924.43338126	214.0	0.000338077545166	
160.322615446	24.0	5.00679016113e-05	
1258.32230216	115.0	0.000180006027222	
1660.98335691	160.0	0.000239133834839	
2021.87346246	219.0	0.000312089920044	
444.259257174	43.0	0.00010085105896	
2046.26144253	237.0	0.000387907028198	
1192.68871505	133.0	0.000209093093872	
2013.7098167	247.0	0.000342845916748	
692.801162606	79.0	0.000169038772583	
2534.06975416	275.0	0.000389099121094	
239.304223888	25.0	5.10215759277e-05	
630.457828656	70.0	0.000110149383545	
1461.11260609	165.0	0.000237941741943	
191.700305082	14.0	3.2901763916e-05	
1020.17078456	124.0	0.000177145004272	
1806.88423143	194.0	0.000325918197632	
1264.01875555	133.0	0.00019097328186	
1813.15170931	177.0	0.000246047973633	
515.552177276	50.0	8.79764556885e-05	
466.355534493	51.0	7.91549682617e-05	
736.653221734	79.0	0.000123023986816	
1222.72240069	151.0	0.000209808349609	
225.135449575	16.0	3.69548797607e-05	
769.70244234	79.0	0.00011682510376	
825.604174704	83.0	0.000272989273071	
1531.54551903	136.0	0.000247955322266	
1160.13124973	123.0	0.000200033187866	
701.140711825	61.0	0.000128030776978	
523.886113722	61.0	0.0001060962677	
1817.24849477	232.0	0.000436067581177	
846.475254836	105.0	0.000184059143066	
754.041192748	79.0	0.000128984451294	
636.548745054	52.0	8.79764556885e-05	
1473.13843587	199.0	0.000305891036987	
1542.3737466	151.0	0.000221014022827	
1112.67624231	120.0	0.000173091888428	
2215.41467376	248.0	0.000359058380127	
1258.58595287	124.0	0.00022292137146	
1476.80740591	124.0	0.00021505355835	
252.195620187	23.0	5.00679016113e-05	
361.169052876	34.0	6.29425048828e-05	
1404.82137354	158.0	0.000241994857788	
1402.81511619	131.0	0.00019097328186	
537.274911249	60.0	9.10758972168e-05	
1491.2654108	158.0	0.000218868255615	
1763.98787757	178.0	0.000247955322266	
754.602929031	62.0	0.000104188919067	
1123.50870064	133.0	0.000184059143066	
1926.91319454	184.0	0.000298976898193	
1150.46262328	115.0	0.000174045562744	
89.4976189936	8.0	2.47955322266e-05	
786.642781418	97.0	0.000148057937622	
1210.59198788	122.0	0.000177145004272	
283.960430105	43.0	7.20024108887e-05	
441.345491063	52.0	8.48770141602e-05	
161.410374885	16.0	3.91006469727e-05	
626.603283729	70.0	0.000104904174805	
1845.60421114	211.0	0.000281095504761	
1171.95493384	114.0	0.000158071517944	
2023.99821968	241.0	0.000354051589966	
1643.43092924	188.0	0.0002601146698	
1171.22256118	115.0	0.000171899795532	
1608.82525379	180.0	0.000248193740845	
260.136917541	25.0	4.91142272949e-05	
542.427452569	70.0	0.000102996826172	
970.652190448	106.0	0.00015115737915	
584.536972319	69.0	9.98973846436e-05	
1047.64266071	95.0	0.0001380443573	
1304.24124199	169.0	0.000221967697144	
803.740094089	87.0	0.000124931335449	
1424.28332628	141.0	0.000202178955078	
135.447866163	6.0	2.78949737549e-05	
1473.00326551	158.0	0.000259876251221	
956.362640873	106.0	0.000149011611938	
1455.52945413	142.0	0.000205993652344	
1729.90182416	212.0	0.0002760887146	
910.62090962	77.0	0.000131130218506	
768.281739669	78.0	0.000112056732178	
1949.74487486	246.0	0.000317096710205	
2033.0239727	228.0	0.000303030014038	
359.46640043	23.0	5.19752502441e-05	
1735.18158102	202.0	0.000320911407471	
359.489592098	34.0	6.38961791992e-05	
659.279686656	87.0	0.000135898590088	
1889.82946569	230.0	0.000319004058838	
761.648703926	86.0	0.000137805938721	
681.772877666	70.0	0.000123977661133	
2068.96149562	232.0	0.000349998474121	
1826.2005382	214.0	0.000300168991089	
731.335683095	70.0	0.000113010406494	
868.542267341	106.0	0.000159025192261	
1913.94667402	202.0	0.000328063964844	
268.881898419	25.0	5.19752502441e-05	
672.632191005	60.0	9.29832458496e-05	
1066.9699129	97.0	0.000180006027222	
1195.88897839	122.0	0.000172853469849	
334.185414108	34.0	6.103515625e-05	
1031.24000979	115.0	0.000159978866577	
1092.56204877	106.0	0.000150918960571	
880.237760737	106.0	0.000166177749634	
1238.82677794	149.0	0.000198125839233	
325.685257041	34.0	5.79357147217e-05	
1631.7340134	178.0	0.000234127044678	
812.31160381	97.0	0.000154972076416	
1239.78765495	141.0	0.000207185745239	
660.056773999	70.0	0.000108957290649	
683.005143192	70.0	0.000119924545288	
1716.24363842	178.0	0.000241994857788	
348.226446887	25.0	5.00679016113e-05	
1881.41337829	205.0	0.000316858291626	
394.96242384	34.0	6.103515625e-05	
282.099764386	43.0	6.89029693604e-05	
322.959271304	33.0	5.88893890381e-05	
1293.60925368	142.0	0.000241994857788	
813.906144547	82.0	0.000124931335449	
1428.44814261	184.0	0.000334978103638	
768.212171816	54.0	0.000102996826172	
1473.8512362	142.0	0.000196933746338	
1583.74054457	172.0	0.000276803970337	
800.157824412	97.0	0.000139951705933	
1202.21257788	123.0	0.000226974487305	
331.712305761	34.0	6.50882720947e-05	
874.041763178	105.0	0.000197887420654	
1970.20940087	214.0	0.000317811965942	
1116.24981805	114.0	0.000164031982422	
1365.14788392	124.0	0.000191926956177	
141.962374474	18.0	5.50746917725e-05	
655.729207335	61.0	0.00010085105896	
1575.76197832	176.0	0.000270128250122	
963.793188117	97.0	0.000154972076416	
1192.99311354	142.0	0.000191211700439	
299.085992526	25.0	5.19752502441e-05	
821.280489141	106.0	0.000149965286255	
699.170814252	79.0	0.000113964080811	
852.763387539	97.0	0.000144958496094	
2091.62617433	221.0	0.000324964523315	
936.639502964	81.0	0.00016713142395	
1906.31344527	203.0	0.000298976898193	
356.722955704	34.0	8.51154327393e-05	
834.048079047	79.0	0.000131845474243	
2184.1991261	220.0	0.000297069549561	
902.675699214	115.0	0.000184059143066	
1453.34315033	110.0	0.000188112258911	
411.749546203	43.0	7.5101852417e-05	
950.066741017	106.0	0.000163078308105	
498.138859942	61.0	9.89437103271e-05	
1250.37307515	142.0	0.000198841094971	
748.615421609	68.0	0.000105142593384	
581.596461861	70.0	0.000106811523438	
282.857622406	12.0	8.20159912109e-05	
2192.31240291	250.0	0.000422954559326	
1219.28279947	133.0	0.000204801559448	
1948.75486731	212.0	0.000342845916748	
635.758641495	70.0	0.000105857849121	
692.981532945	69.0	0.000134944915771	
519.161100965	38.0	8.9168548584e-05	
1007.28807274	103.0	0.000157117843628	
1418.20731319	160.0	0.000231027603149	
1787.32001629	222.0	0.000349998474121	
1846.97718605	214.0	0.000344038009644	
1592.40198201	151.0	0.000303030014038	
785.77553511	88.0	0.000136137008667	
1031.96665551	97.0	0.000272035598755	
2234.65363077	230.0	0.000349044799805	
987.207170216	124.0	0.000180006027222	
1545.9309209	187.0	0.000291109085083	
429.088941258	52.0	0.000163078308105	
443.237166174	60.0	9.98973846436e-05	
1337.44770969	151.0	0.000394821166992	
844.875706526	96.0	0.000144004821777	
1509.10219656	156.0	0.000231027603149	
543.417685267	69.0	0.000110149383545	
301.832327903	42.0	7.58171081543e-05	
555.242406368	43.0	0.000135898590088	
1085.85075262	107.0	0.000178098678589	
804.819966336	97.0	0.000144958496094	
1572.55009946	151.0	0.00022292137146	
1662.3875619	199.0	0.000516891479492	
1286.4237173	151.0	0.000349998474121	
575.64609298	70.0	0.000117063522339	
214.527788742	23.0	5.00679016113e-05	
465.03907386	34.0	6.50882720947e-05	
994.832074631	96.0	0.000150203704834	
772.777462701	86.0	0.000134944915771	
1354.05268756	148.0	0.000216007232666	
742.003400622	68.0	0.000110149383545	
1363.39921289	177.0	0.000247001647949	
86.9521021753	7.0	3.40938568115e-05	
642.34996992	61.0	0.000113964080811	
966.169810116	114.0	0.000186920166016	
613.214236462	60.0	0.000138998031616	
1470.21619827	187.0	0.000345945358276	
857.722939029	106.0	0.000174999237061	
938.636345064	104.0	0.000213861465454	
1008.70817348	115.0	0.000203132629395	
1047.11796934	106.0	0.000197887420654	
928.865682082	79.0	0.000138998031616	
1360.21877865	140.0	0.000270843505859	
498.09184536	52.0	0.000105857849121	
1301.39560802	140.0	0.000221014022827	
428.526335477	34.0	7.20024108887e-05	
1959.86294408	196.0	0.000303983688354	
183.395255823	14.0	4.19616699219e-05	
1806.74728157	212.0	0.000485897064209	
1853.72102138	212.0	0.000332832336426	
1249.20219811	131.0	0.000253915786743	
572.123300846	67.0	0.000113964080811	
708.6445229	70.0	0.000126838684082	
1234.48805725	141.0	0.000214099884033	
478.412516903	59.0	0.000118017196655	
1539.17614159	176.0	0.000292062759399	
1593.20709771	176.0	0.000272035598755	
789.19126018	106.0	0.000158071517944	
1930.84586629	241.0	0.000343799591064	
1966.1561456	230.0	0.000435829162598	
926.386369887	88.0	0.000126838684082	
744.856963838	61.0	0.000113964080811	
582.924235289	61.0	0.000105142593384	
1102.9710376	124.0	0.000191926956177	
1064.72966119	122.0	0.000174045562744	
829.117605054	88.0	0.000127077102661	
520.885366034	43.0	7.60555267334e-05	
1220.45595082	142.0	0.000195026397705	
1644.94289329	176.0	0.000254154205322	
216.338992105	16.0	4.00543212891e-05	
963.928640628	95.0	0.000166893005371	
1505.8547078	156.0	0.000271797180176	
1389.95389823	150.0	0.000224113464355	
1568.3809484	159.0	0.000231981277466	
949.937074627	97.0	0.00015115737915	
2088.39686244	230.0	0.000327110290527	
1176.4815193	142.0	0.00023889541626	
761.116522881	84.0	0.0001380443573	
827.550294793	88.0	0.000133037567139	
1215.5639152	167.0	0.00025200843811	
988.901334591	105.0	0.000169992446899	
1655.59091158	150.0	0.000245094299316	
1055.83359895	124.0	0.000190019607544	
655.22351648	87.0	0.000139951705933	
1490.42112939	161.0	0.000261068344116	
916.792930939	97.0	0.000152111053467	
1708.64375145	203.0	0.000382900238037	
890.679687519	88.0	0.000133991241455	
2022.8299919	228.0	0.000305891036987	
1612.40420564	168.0	0.000244855880737	
369.325688262	52.0	8.58306884766e-05	
1658.9173886	176.0	0.000247001647949	
1471.0172454	142.0	0.00021505355835	
1393.60275185	160.0	0.000250816345215	
804.597583682	70.0	0.000113010406494	
544.593921762	61.0	0.000102996826172	
1014.61155296	105.0	0.000162124633789	
1067.04753187	115.0	0.000169992446899	
1329.09456119	160.0	0.00025200843811	
734.650775593	87.0	0.00012993812561	
681.672737243	70.0	0.000108957290649	
775.620241557	105.0	0.000149965286255	
869.29407054	79.0	0.000136852264404	
1336.30188545	133.0	0.000226020812988	
437.982745125	52.0	8.70227813721e-05	
591.075084132	61.0	9.98973846436e-05	
1907.37904422	183.0	0.000271081924438	
371.63217202	42.0	7.39097595215e-05	
963.908195016	105.0	0.000154972076416	
388.213418406	43.0	0.000115156173706	
643.943710916	70.0	0.000110149383545	
1712.9182693	193.0	0.000261783599854	
890.629778818	115.0	0.000164985656738	
596.789623355	78.0	0.000120162963867	
306.989545996	33.0	6.29425048828e-05	
1163.23594838	115.0	0.000174999237061	
309.810164963	43.0	7.79628753662e-05	
1384.95489795	133.0	0.000195026397705	
1294.88253123	133.0	0.000192880630493	
1027.72868403	95.0	0.000143051147461	
950.232827018	104.0	0.000164985656738	
775.591011308	79.0	0.000121831893921	
1562.76679625	175.0	0.000243902206421	
1911.46762422	231.0	0.00033712387085	
1527.41329143	147.0	0.000258922576904	
959.995473771	115.0	0.000164031982422	
600.558929684	70.0	0.000119924545288	
593.631487234	69.0	0.000135183334351	
335.725226776	42.0	7.70092010498e-05	
841.000780218	86.0	0.000137805938721	
420.288376876	52.0	0.000120878219604	
554.897659359	61.0	0.000100135803223	
1290.51877545	124.0	0.000181913375854	
1326.36144405	186.0	0.00029182434082	
195.219272479	16.0	3.88622283936e-05	
1709.77784448	205.0	0.000283002853394	
1713.02242625	178.0	0.000254154205322	
355.224435275	34.0	6.50882720947e-05	
1707.96536487	194.0	0.000312089920044	
1973.85065106	192.0	0.000269889831543	
1904.80613129	203.0	0.000286817550659	
1027.31757406	106.0	0.000158071517944	
979.612906064	75.0	0.000136137008667	
2193.62016521	229.0	0.000331878662109	
701.847155329	77.0	0.000119924545288	
1348.80651715	157.0	0.00023078918457	
770.845778557	79.0	0.000230073928833	
526.070452155	60.0	0.000117063522339	
1325.60841047	158.0	0.000257015228271	
1269.61477561	140.0	0.00042986869812	
863.395453323	95.0	0.000138998031616	
1082.12936629	133.0	0.000191926956177	
1033.90579547	97.0	0.000139951705933	
1218.38669361	133.0	0.000185012817383	
1055.90679082	106.0	0.000159978866577	
1181.31386345	160.0	0.000234842300415	
607.562433666	79.0	0.000114917755127	
385.538953504	42.0	7.5101852417e-05	
447.093549239	52.0	8.89301300049e-05	
1208.24211523	142.0	0.00019383430481	
1026.58255443	103.0	0.000192165374756	
976.041971171	97.0	0.000144004821777	
1599.45657252	167.0	0.000231027603149	
1135.67808981	124.0	0.000188112258911	
750.746189536	61.0	0.000116109848022	
301.982669075	23.0	4.98294830322e-05	
387.51971984	34.0	6.69956207275e-05	
1795.55325592	187.0	0.00026798248291	
607.723939404	61.0	0.000102996826172	
1574.30442743	160.0	0.000241041183472	
1800.36521779	196.0	0.000291109085083	
1132.77788763	113.0	0.000159978866577	
748.497113949	61.0	9.41753387451e-05	
1177.54991589	124.0	0.000172138214111	
486.568716838	52.0	8.20159912109e-05	
1602.75471683	160.0	0.000257015228271	
2041.39002204	221.0	0.000287055969238	
346.976530281	25.0	4.88758087158e-05	
765.727399215	97.0	0.000137090682983	
1334.36334418	158.0	0.000224828720093	
860.980715876	115.0	0.000166893005371	
397.558419697	52.0	8.10623168945e-05	
663.082016174	68.0	0.000105142593384	
1810.26985988	195.0	0.0002601146698	
947.49429933	97.0	0.000139951705933	
1319.66660463	151.0	0.000208139419556	
2223.14180658	223.0	0.000298023223877	
985.309397449	124.0	0.000170946121216	
1427.08043169	140.0	0.000186920166016	
446.919397269	43.0	8.39233398438e-05	
1542.12121452	158.0	0.000236988067627	
837.446822697	94.0	0.000134944915771	
1180.03692518	98.0	0.000152111053467	
529.081438533	50.0	8.29696655273e-05	
165.389036791	12.0	3.2901763916e-05	
2121.81377701	232.0	0.000308990478516	
724.336679081	86.0	0.000124931335449	
829.054818616	79.0	0.000118017196655	
810.173954305	88.0	0.0001220703125	
375.785413644	43.0	7.29560852051e-05	
1354.52234826	150.0	0.000205039978027	
1375.04510335	173.0	0.000244140625	
971.173311892	97.0	0.000153064727783	
432.792580744	34.0	6.69956207275e-05	
1670.32348567	187.0	0.000262022018433	
1639.13767784	166.0	0.000223875045776	
184.757462646	16.0	3.60012054443e-05	
1383.53583244	141.0	0.000202894210815	
861.156980471	88.0	0.000123977661133	
573.19887276	51.0	7.79628753662e-05	
918.063557207	106.0	0.00015115737915	
875.859249331	88.0	0.000122785568237	
1560.62915795	151.0	0.000230073928833	
1666.61352549	178.0	0.000365972518921	
1326.77155373	142.0	0.000207901000977	
1329.20156124	122.0	0.000192880630493	
468.425047791	52.0	9.3936920166e-05	
1037.08839128	112.0	0.000153064727783	
1104.5170791	97.0	0.000141143798828	
1568.89907579	167.0	0.000228881835938	
780.658275252	77.0	0.000112056732178	
1411.85118612	151.0	0.00020694732666	
2182.93452576	237.0	0.000318050384521	
1017.63666308	106.0	0.000146150588989	
165.572266601	16.0	4.10079956055e-05	
1339.73251742	140.0	0.000223159790039	
1771.95119295	196.0	0.000272035598755	
1029.17366791	107.0	0.000152826309204	
1254.19939008	133.0	0.000180959701538	
1356.05255183	149.0	0.00019907951355	
642.226512894	61.0	0.000115871429443	
