Cost	Requests	Runtime
771.84729765	682.0	0.00671601295471	
706.297892575	369.0	0.00343918800354	
1212.91485462	989.0	0.00918912887573	
394.395553031	201.0	0.00198197364807	
65.3579517597	15.0	0.000197887420654	
975.912284938	467.0	0.0043671131134	
90.6439450853	23.0	0.000271081924438	
1387.84802751	1068.0	0.0100569725037	
512.297867975	340.0	0.00297498703003	
1477.17976028	1138.0	0.0102939605713	
241.354855245	105.0	0.00100898742676	
1549.95441054	1269.0	0.0115029811859	
1042.87324861	906.0	0.00866007804871	
2101.11871105	1310.0	0.0134921073914	
590.522461954	433.0	0.00447702407837	
101.400197238	16.0	0.000200986862183	
944.782870446	567.0	0.00576496124268	
952.440133359	728.0	0.00766110420227	
623.877241339	407.0	0.0045599937439	
506.549157269	294.0	0.00322794914246	
1041.19861743	552.0	0.00574612617493	
1605.31754205	1185.0	0.0145080089569	
884.995730218	945.0	0.00913119316101	
1716.35928907	1174.0	0.0118041038513	
246.434260609	50.0	0.000564098358154	
473.747690165	177.0	0.00179696083069	
372.433792109	175.0	0.00171494483948	
1314.18918022	1144.0	0.0112199783325	
1478.65025615	1046.0	0.00940608978271	
833.765771833	748.0	0.00667500495911	
1169.10282324	676.0	0.00602507591248	
1277.19292244	1027.0	0.00962901115417	
722.749666621	509.0	0.00458288192749	
998.734830542	800.0	0.00781607627869	
759.16348885	466.0	0.00453805923462	
594.128017363	400.0	0.00374889373779	
1454.17955673	965.0	0.0122067928314	
805.797675029	603.0	0.00689315795898	
1064.28572087	506.0	0.0050060749054	
1397.3170448	1111.0	0.0111780166626	
399.664901887	100.0	0.00106406211853	
1459.2977752	774.0	0.00994491577148	
583.916592602	245.0	0.00223207473755	
478.923012061	260.0	0.00254893302917	
1078.28143585	1139.0	0.0115089416504	
1244.43267969	945.0	0.00863695144653	
447.683780205	319.0	0.0030951499939	
742.572464688	527.0	0.00478005409241	
152.285036857	18.0	0.000191926956177	
1224.33762805	644.0	0.0056209564209	
699.830550414	531.0	0.00471186637878	
578.348246031	420.0	0.00387501716614	
1243.59390889	1222.0	0.0118749141693	
1183.93051881	684.0	0.0065279006958	
1167.90392904	899.0	0.00851202011108	
1030.2560293	863.0	0.00830912590027	
352.247493574	87.0	0.000869989395142	
947.032366948	802.0	0.00737810134888	
973.700453732	639.0	0.00580096244812	
1085.92947402	991.0	0.00893497467041	
1184.06135174	1042.0	0.00969386100769	
1001.74031911	711.0	0.00867009162903	
1338.53041293	808.0	0.00793099403381	
461.862232256	184.0	0.00170302391052	
1100.6743616	1140.0	0.0107600688934	
1218.98001849	687.0	0.00640797615051	
272.61450964	7.0	0.000104904174805	
2062.94821391	1290.0	0.0127739906311	
1884.95848808	1215.0	0.0125138759613	
1991.48682791	1309.0	0.0122539997101	
1413.42079849	903.0	0.00897908210754	
128.588204242	37.0	0.000394105911255	
1525.28269468	1187.0	0.0111498832703	
971.496018297	892.0	0.00809502601624	
1681.93865826	1245.0	0.012167930603	
795.689799811	565.0	0.00494694709778	
1142.92262191	1235.0	0.0108561515808	
633.343363778	516.0	0.00454807281494	
245.96581855	111.0	0.00106716156006	
605.338990292	441.0	0.00397515296936	
1082.21020033	642.0	0.0064070224762	
970.745513779	1034.0	0.0103030204773	
1140.97658017	897.0	0.00830101966858	
723.002402526	413.0	0.0037739276886	
1404.87231028	884.0	0.00943088531494	
1341.30147029	1033.0	0.0113880634308	
195.361931533	58.0	0.000572919845581	
1405.91579752	985.0	0.0096869468689	
1491.70429319	1298.0	0.0119731426239	
324.872853274	156.0	0.00155711174011	
827.553096266	501.0	0.00494289398193	
1312.40785327	1194.0	0.0117399692535	
1567.53932998	1121.0	0.0103549957275	
1851.84837948	1306.0	0.0121071338654	
1312.01372635	1001.0	0.00883102416992	
1144.52868915	1097.0	0.00992608070374	
240.391440176	113.0	0.00101494789124	
1192.40740834	830.0	0.00742721557617	
574.715863216	337.0	0.0034658908844	
1567.36094376	1308.0	0.0125699043274	
630.09591022	398.0	0.00359606742859	
939.575352712	344.0	0.00331687927246	
434.322588793	153.0	0.00196504592896	
856.756108761	725.0	0.0123538970947	
293.442204763	27.0	0.000617980957031	
580.817365443	422.0	0.0055410861969	
837.353520065	747.0	0.0114488601685	
707.563642508	583.0	0.00638198852539	
983.34042849	587.0	0.00618195533752	
600.76496397	288.0	0.00309109687805	
692.223605654	456.0	0.00454497337341	
1231.39822479	878.0	0.00985598564148	
1303.60031778	856.0	0.0080349445343	
1270.8296445	600.0	0.00548601150513	
865.02763856	770.0	0.00774502754211	
1341.08823871	957.0	0.0088529586792	
414.990067715	203.0	0.00191307067871	
1619.7571041	1140.0	0.012953042984	
686.262980798	584.0	0.00568389892578	
663.613805002	416.0	0.00390887260437	
1224.49123898	833.0	0.00939106941223	
1166.27267901	1105.0	0.0140149593353	
760.518653041	403.0	0.00434994697571	
338.051942969	80.0	0.00104689598083	
546.846389412	384.0	0.00611591339111	
1377.65954864	804.0	0.00812911987305	
1435.40305263	1084.0	0.011467218399	
1140.40156303	737.0	0.00695705413818	
1246.57757271	838.0	0.0082368850708	
860.900273756	417.0	0.00402498245239	
758.394911304	321.0	0.00502800941467	
1305.09673772	1192.0	0.0136940479279	
537.835365568	277.0	0.00273108482361	
809.769719462	696.0	0.00666880607605	
1096.64970526	787.0	0.00712299346924	
1079.14663317	1042.0	0.0114939212799	
1241.10253035	987.0	0.0094358921051	
1070.65697439	907.0	0.00831198692322	
342.650733218	85.0	0.000848054885864	
556.422853659	346.0	0.00317811965942	
1253.30794252	1230.0	0.0122420787811	
1781.24772274	1250.0	0.0131669044495	
577.449097451	301.0	0.00322604179382	
2075.17832743	1302.0	0.0151610374451	
1527.51623979	1034.0	0.010665178299	
1091.17331695	840.0	0.00918984413147	
245.932677135	80.0	0.000831842422485	
1092.48746674	712.0	0.00692391395569	
1452.17424205	1295.0	0.0127930641174	
627.734513295	460.0	0.00516486167908	
476.888346526	196.0	0.00187110900879	
685.839081702	235.0	0.00228404998779	
1205.42038873	1188.0	0.0142228603363	
362.204645112	183.0	0.00211381912231	
897.877476547	573.0	0.00598096847534	
1159.16892549	889.0	0.0100910663605	
1661.28994701	1182.0	0.0117528438568	
837.548551389	615.0	0.00599694252014	
1002.9597139	662.0	0.00652098655701	
490.199417397	231.0	0.00250196456909	
653.139152246	532.0	0.005126953125	
2012.00644628	1293.0	0.0127809047699	
343.71213732	170.0	0.00176382064819	
1010.20527514	903.0	0.00914192199707	
137.660942484	33.0	0.000365972518921	
1106.19440318	599.0	0.00581789016724	
1109.37433982	600.0	0.00568389892578	
1187.92770671	1013.0	0.00983905792236	
1406.30303882	1179.0	0.0111858844757	
303.027528324	57.0	0.000556945800781	
362.291652882	199.0	0.00191402435303	
689.207783494	423.0	0.00445604324341	
1506.5003897	1021.0	0.0104291439056	
60.827625303	39.0	0.000571966171265	
1008.66062944	983.0	0.0103850364685	
1082.73046991	1156.0	0.011461019516	
425.662994854	150.0	0.00151109695435	
780.418921564	343.0	0.0036141872406	
1109.46092486	1111.0	0.0111498832703	
207.677468832	71.0	0.000820159912109	
1121.75783965	1137.0	0.0118930339813	
766.353026654	679.0	0.00661778450012	
441.1184002	271.0	0.00262212753296	
572.241200123	363.0	0.0034191608429	
1315.54996477	1217.0	0.0117559432983	
1192.00998696	862.0	0.00810813903809	
1229.07773001	668.0	0.00617098808289	
543.414421955	266.0	0.00241088867188	
569.008890325	294.0	0.00266218185425	
942.076882789	652.0	0.00589489936829	
110.981980519	24.0	0.000257968902588	
1250.3854565	1047.0	0.0103409290314	
1058.03013283	1048.0	0.0100450515747	
925.038898383	689.0	0.00655508041382	
657.858133306	477.0	0.00449299812317	
1544.94118047	1213.0	0.0110569000244	
417.006856568	250.0	0.0022509098053	
1037.06576635	1059.0	0.00951194763184	
771.150070989	573.0	0.00535702705383	
1513.23227362	1174.0	0.01100897789	
1711.00271384	1114.0	0.0112040042877	
1284.96578149	924.0	0.00862812995911	
280.889883802	101.0	0.00102996826172	
1258.1471115	867.0	0.00776195526123	
494.721840198	175.0	0.00151085853577	
1154.52403662	1062.0	0.00993299484253	
533.653990388	278.0	0.00254106521606	
455.207696063	198.0	0.00174999237061	
818.53169967	384.0	0.00327610969543	
1750.18623798	1288.0	0.011204957962	
1394.28294433	936.0	0.00905203819275	
968.024190803	463.0	0.00429511070251	
1166.50616785	887.0	0.0089647769928	
521.631933639	278.0	0.00256299972534	
548.760132384	343.0	0.00314688682556	
867.740144259	621.0	0.00568890571594	
977.021265043	886.0	0.00786304473877	
1216.36590464	971.0	0.00869393348694	
1439.84684712	1175.0	0.0103831291199	
1027.64540727	860.0	0.00749182701111	
952.324353321	655.0	0.00631618499756	
755.612672419	355.0	0.00341081619263	
890.385580335	525.0	0.00497102737427	
534.666130321	368.0	0.00330805778503	
934.653486253	577.0	0.0056209564209	
892.503607552	814.0	0.00739192962646	
255.195502075	94.0	0.000914096832275	
100.201350149	36.0	0.000375032424927	
1216.80984248	1011.0	0.00896811485291	
585.935749118	225.0	0.00203609466553	
367.521724209	127.0	0.00120782852173	
648.891161337	536.0	0.00497889518738	
1642.23977927	1140.0	0.0106501579285	
1236.31782778	1050.0	0.010509967804	
1537.1905639	1102.0	0.0107839107513	
510.973790919	354.0	0.00326490402222	
897.145785336	879.0	0.00827884674072	
509.754706883	328.0	0.00298595428467	
260.94980145	117.0	0.00105881690979	
926.812256044	737.0	0.0065610408783	
720.161184395	647.0	0.0060760974884	
519.209722674	162.0	0.00149393081665	
373.356293027	210.0	0.00194001197815	
1600.56643258	1115.0	0.0100548267365	
651.558761271	499.0	0.0054919719696	
1020.19393539	855.0	0.00915694236755	
452.14772863	186.0	0.00197792053223	
1092.48015448	691.0	0.00673389434814	
920.529074515	935.0	0.00882911682129	
1114.69733901	760.0	0.00679707527161	
732.154212806	311.0	0.00282192230225	
512.465822264	292.0	0.00271701812744	
1191.95812121	1060.0	0.00955986976624	
2491.30056577	1323.0	0.0117239952087	
494.604172569	263.0	0.00273609161377	
1645.62214165	1115.0	0.0109629631042	
1033.59917544	891.0	0.00795197486877	
683.714701824	301.0	0.00280785560608	
543.523244252	344.0	0.0035879611969	
422.041821544	232.0	0.00240111351013	
1281.84211813	912.0	0.0101640224457	
860.32135645	770.0	0.00835180282593	
1809.53342681	1237.0	0.0131549835205	
722.39126455	563.0	0.00639796257019	
718.773429917	479.0	0.00485181808472	
1589.49523048	1147.0	0.0175631046295	
1296.40553037	1182.0	0.0188779830933	
1193.63203394	1064.0	0.0152869224548	
759.667820324	452.0	0.00566720962524	
1774.06025776	1092.0	0.0187768936157	
1694.23744984	1231.0	0.0182440280914	
1505.34496817	1223.0	0.01811003685	
660.778352314	711.0	0.00927805900574	
1235.42878352	1126.0	0.0161728858948	
1243.91050869	691.0	0.0102438926697	
479.488742528	264.0	0.00548481941223	
1155.21738352	971.0	0.0171060562134	
784.177087203	711.0	0.00778317451477	
1347.26848298	959.0	0.0102171897888	
715.54190924	298.0	0.00287199020386	
232.649906007	77.0	0.000756025314331	
180.877555678	76.0	0.000740051269531	
1596.59339203	1257.0	0.0123610496521	
269.9576184	118.0	0.00123882293701	
1326.25053352	1166.0	0.0127129554749	
922.312751804	976.0	0.01034116745	
1339.17836446	921.0	0.00946593284607	
1309.68695788	1103.0	0.0141570568085	
1196.35150998	921.0	0.0099241733551	
1156.71761275	998.0	0.0107688903809	
1089.54234507	755.0	0.00811886787415	
606.808738824	327.0	0.00356817245483	
1716.53190712	1229.0	0.0131540298462	
1321.71687022	1014.0	0.0112748146057	
1384.33725743	929.0	0.00960397720337	
415.234476572	252.0	0.00258612632751	
1559.71834844	1266.0	0.0123498439789	
975.673982842	683.0	0.00660300254822	
205.486806281	49.0	0.000517845153809	
648.993206018	545.0	0.00547909736633	
426.134519525	264.0	0.0027060508728	
1109.59921522	1055.0	0.0114350318909	
867.375087637	398.0	0.00382399559021	
707.425808655	431.0	0.0041880607605	
1227.19679962	1187.0	0.0110838413239	
593.540660992	367.0	0.00336313247681	
1026.7979069	870.0	0.010176897049	
1860.34771768	1294.0	0.0116751194	
162.843254436	42.0	0.000391960144043	
1187.98176883	817.0	0.00718092918396	
556.254860649	279.0	0.00269508361816	
1045.2178852	700.0	0.00691485404968	
1613.26530179	1021.0	0.00962805747986	
521.12676382	339.0	0.00308704376221	
799.312112607	555.0	0.00544786453247	
1961.294192	1277.0	0.011561870575	
1675.09535324	1189.0	0.0104129314423	
790.769565512	514.0	0.00451302528381	
609.496238297	453.0	0.0041069984436	
951.704214526	610.0	0.00568318367004	
709.775915879	473.0	0.00492310523987	
454.094284343	292.0	0.00290608406067	
1222.02074207	884.0	0.00905799865723	
560.924297243	393.0	0.00414514541626	
312.466042114	132.0	0.00135588645935	
1484.61464803	992.0	0.0101611614227	
1061.75734294	615.0	0.00725102424622	
501.076678003	321.0	0.00328612327576	
997.703939812	780.0	0.00819110870361	
1397.4345572	1147.0	0.0121469497681	
265.372200568	57.0	0.000653982162476	
150.070649804	35.0	0.00041389465332	
849.14344585	819.0	0.00883817672729	
527.404682269	174.0	0.00182509422302	
292.20823517	117.0	0.00161385536194	
1322.26993686	1152.0	0.0112919807434	
467.168025002	251.0	0.0023500919342	
969.627663533	452.0	0.00430607795715	
375.374590246	183.0	0.00182008743286	
1730.93142323	1169.0	0.0104541778564	
1245.61348946	967.0	0.00852704048157	
163.127761471	51.0	0.000586986541748	
1884.43855082	1305.0	0.0137660503387	
537.117439487	365.0	0.00351500511169	
1129.25370955	1056.0	0.00971913337708	
1015.27747084	963.0	0.00854897499084	
538.506854916	337.0	0.00315189361572	
632.85837135	350.0	0.00318598747253	
1161.9204353	1075.0	0.0118749141693	
1410.02403759	889.0	0.00783109664917	
607.691887767	474.0	0.0042200088501	
1602.55313695	1246.0	0.0136651992798	
978.137204837	677.0	0.0065062046051	
558.778019492	209.0	0.00208210945129	
366.215683199	206.0	0.00194597244263	
970.884348837	687.0	0.00642204284668	
888.689411084	759.0	0.00693821907043	
153.508493388	55.0	0.000727891921997	
1487.12818234	1195.0	0.0121159553528	
578.578926346	431.0	0.00435900688171	
789.674824867	618.0	0.00677800178528	
537.167858686	171.0	0.00181913375854	
591.574292099	251.0	0.00328087806702	
653.478040658	536.0	0.00558400154114	
992.293473262	1059.0	0.010598897934	
1514.23986515	1049.0	0.00974988937378	
277.296795029	123.0	0.00130295753479	
1627.98497634	1122.0	0.00989294052124	
830.189391488	343.0	0.00301289558411	
1333.96175543	959.0	0.00872707366943	
1646.91600737	1259.0	0.0121510028839	
1039.9407132	1025.0	0.0106770992279	
1402.05406033	1242.0	0.0121541023254	
589.964621413	420.0	0.00396800041199	
440.888233959	221.0	0.00200009346008	
1301.98798918	1223.0	0.0109961032867	
504.879792694	274.0	0.00243782997131	
840.278715107	311.0	0.00274896621704	
1146.11022416	1026.0	0.00914788246155	
1439.11845382	1106.0	0.00980401039124	
1109.30361575	858.0	0.00862312316895	
423.143952321	246.0	0.00252604484558	
632.992051458	525.0	0.00519013404846	
562.510817116	262.0	0.00243997573853	
726.865647521	610.0	0.0058319568634	
508.696067723	353.0	0.00322985649109	
1571.26939024	1244.0	0.0113060474396	
1259.59754914	906.0	0.00831198692322	
244.65067693	79.0	0.000759840011597	
655.329665442	458.0	0.00406098365784	
1266.61531602	790.0	0.00696706771851	
847.978881066	534.0	0.00503492355347	
736.939301978	554.0	0.00582790374756	
743.175586973	415.0	0.00448393821716	
1117.78165728	763.0	0.00747799873352	
1643.3378441	1217.0	0.0110630989075	
531.85871578	251.0	0.0025269985199	
1133.272355	630.0	0.00635194778442	
395.361056171	212.0	0.00210094451904	
354.578592599	145.0	0.00142812728882	
496.97636104	295.0	0.00299406051636	
1571.29207484	1262.0	0.0122048854828	
423.044719612	149.0	0.00137996673584	
1317.96326373	1222.0	0.0126860141754	
951.560677847	842.0	0.00800204277039	
1743.99907221	1230.0	0.0110831260681	
1243.94946251	862.0	0.00744104385376	
830.36614891	667.0	0.00596785545349	
441.276732852	117.0	0.00105500221252	
677.753949135	283.0	0.00248289108276	
1808.48695632	1315.0	0.0112891197205	
1763.11465581	1165.0	0.0125200748444	
559.262315708	303.0	0.00285911560059	
794.676324344	597.0	0.00624108314514	
201.668257181	72.0	0.000712156295776	
1541.21080403	1116.0	0.0105140209198	
1048.84857466	575.0	0.00504493713379	
973.934378402	791.0	0.00708699226379	
1002.03605171	765.0	0.00682806968689	
1027.24575989	1047.0	0.00971913337708	
1332.33148964	973.0	0.00879621505737	
1327.06896931	823.0	0.00716614723206	
1026.01379063	1084.0	0.0103139877319	
1737.4967114	1251.0	0.0121200084686	
993.679474648	457.0	0.00424289703369	
813.991392831	577.0	0.00517797470093	
334.959875297	139.0	0.00131392478943	
751.791830567	709.0	0.00645589828491	
429.811011267	231.0	0.0028178691864	
1204.39964989	944.0	0.00877404212952	
631.401963651	495.0	0.00448894500732	
718.340092318	610.0	0.0054919719696	
1570.09242095	1099.0	0.011923789978	
1321.69748244	808.0	0.00776386260986	
1635.30887447	957.0	0.00955414772034	
613.588538123	356.0	0.00324678421021	
1378.57504255	875.0	0.00805306434631	
1185.18771599	1111.0	0.0100359916687	
240.378226917	73.0	0.00072193145752	
339.982061334	167.0	0.00151586532593	
507.182679383	268.0	0.00237393379211	
753.979270164	661.0	0.00610899925232	
382.685825529	97.0	0.000916004180908	
818.679085458	352.0	0.00340104103088	
577.890484444	420.0	0.00415110588074	
1459.96476298	1137.0	0.0108888149261	
703.753841638	588.0	0.00594615936279	
729.480877256	476.0	0.00440502166748	
592.21503715	391.0	0.00376009941101	
683.112595219	186.0	0.00162887573242	
911.941033562	591.0	0.00534510612488	
820.795701131	758.0	0.00698614120483	
192.816428702	59.0	0.00060510635376	
511.439004456	360.0	0.00319600105286	
250.707856074	96.0	0.00089693069458	
1511.58826203	1074.0	0.00930404663086	
1201.80136171	742.0	0.00655603408813	
841.885863143	801.0	0.00984501838684	
1339.83564841	918.0	0.00961899757385	
809.474622831	726.0	0.00735902786255	
557.350021275	433.0	0.00535702705383	
627.586356862	270.0	0.00268387794495	
615.832901326	466.0	0.00530505180359	
1116.60843041	1178.0	0.0118970870972	
649.268403866	436.0	0.00450587272644	
856.484053046	801.0	0.00771880149841	
779.563611145	285.0	0.00290012359619	
1145.07339492	1187.0	0.0112509727478	
881.808927178	546.0	0.00507688522339	
880.873904344	682.0	0.00609087944031	
1341.66366626	1011.0	0.00949788093567	
828.479348209	604.0	0.00628900527954	
807.263715058	596.0	0.00597095489502	
849.099412875	716.0	0.00702810287476	
323.734195142	148.0	0.00155019760132	
887.058265819	314.0	0.00372409820557	
1475.5364041	1001.0	0.00996994972229	
648.04355272	468.0	0.00449919700623	
1164.02019428	924.0	0.00846409797668	
262.345546037	124.0	0.00114607810974	
484.528614962	185.0	0.00171184539795	
1335.8616754	1029.0	0.0103240013123	
573.07294904	424.0	0.00443005561829	
1615.68021083	1180.0	0.0124740600586	
552.559753351	300.0	0.00361013412476	
577.058378332	441.0	0.00472497940063	
400.225715028	235.0	0.00256490707397	
757.467485539	604.0	0.0062038898468	
1143.9813224	837.0	0.00836706161499	
1052.03350924	1080.0	0.0108580589294	
1164.30888175	602.0	0.00608086585999	
1039.31035958	1027.0	0.0101959705353	
1975.84626813	1275.0	0.01154088974	
580.753417648	401.0	0.00356602668762	
637.763280162	349.0	0.00324106216431	
443.5296604	227.0	0.0023398399353	
1208.75963384	1038.0	0.00991201400757	
595.390706064	426.0	0.00394320487976	
810.306559399	582.0	0.00526404380798	
160.786657147	50.0	0.000613927841187	
434.466261947	158.0	0.00148797035217	
1274.68820639	1122.0	0.0112941265106	
740.100219304	472.0	0.00464510917664	
1190.71035423	1063.0	0.0115191936493	
1379.04484177	1184.0	0.012610912323	
1251.33865774	823.0	0.00792908668518	
1400.74223979	1010.0	0.00959086418152	
1215.89857002	707.0	0.00643110275269	
1273.87686224	755.0	0.00658297538757	
1479.13027262	1033.0	0.00939297676086	
349.880119799	159.0	0.00138020515442	
1405.50342207	958.0	0.00838398933411	
916.133347872	490.0	0.00433111190796	
1315.89668465	1027.0	0.0104050636292	
1219.75899336	1082.0	0.0105800628662	
1215.02202832	1229.0	0.0111351013184	
1888.71389628	1231.0	0.0109510421753	
1855.86147488	1253.0	0.010938167572	
1615.68102043	1241.0	0.0108289718628	
443.355945194	271.0	0.00247597694397	
895.137930044	649.0	0.00578904151917	
327.409483903	141.0	0.00135493278503	
536.637310573	359.0	0.00360798835754	
1457.87170717	1056.0	0.0101919174194	
596.82128592	338.0	0.00307512283325	
564.475778824	208.0	0.0018310546875	
1656.83278761	1285.0	0.0123529434204	
983.617949741	766.0	0.00673317909241	
1632.75577451	1268.0	0.0113220214844	
998.564351647	821.0	0.00728797912598	
1076.78557048	959.0	0.00923299789429	
204.631811562	65.0	0.000639915466309	
364.623579717	119.0	0.00119185447693	
1139.89231909	601.0	0.00612783432007	
431.514896228	228.0	0.00259590148926	
1991.11853562	1302.0	0.0129151344299	
1528.97200867	1252.0	0.0132491588593	
1302.88481897	996.0	0.0104398727417	
973.799706388	832.0	0.00860190391541	
1082.26481951	805.0	0.00811100006104	
120.051708771	7.0	0.000120878219604	
424.690264858	139.0	0.00135207176208	
1154.25809867	670.0	0.00663495063782	
253.714302693	118.0	0.001296043396	
1075.46179264	843.0	0.0080349445343	
797.758818943	741.0	0.00690197944641	
648.897008484	491.0	0.00441598892212	
822.726896313	809.0	0.00726795196533	
572.155569961	391.0	0.00351595878601	
1293.02201883	1212.0	0.0106179714203	
1554.69400078	1105.0	0.00969004631042	
1999.37107068	1301.0	0.0120179653168	
1351.73115871	951.0	0.0101511478424	
776.912817164	375.0	0.0037899017334	
2048.50443182	1273.0	0.0128819942474	
168.636781344	64.0	0.000642061233521	
664.632365127	507.0	0.0052661895752	
1060.76980659	625.0	0.00618004798889	
465.335987391	259.0	0.00267505645752	
975.268517379	878.0	0.00888299942017	
746.820659895	649.0	0.00738906860352	
1092.82587348	769.0	0.00822305679321	
254.531081453	78.0	0.00129795074463	
745.987954866	439.0	0.00455498695374	
510.28023121	328.0	0.00354599952698	
463.962708506	271.0	0.00268888473511	
1547.32249519	1073.0	0.0113999843597	
208.600381482	72.0	0.000676155090332	
1012.65326599	833.0	0.00829195976257	
1341.10038594	908.0	0.00893115997314	
460.201843532	263.0	0.00246000289917	
658.793488308	312.0	0.00287699699402	
895.91729696	671.0	0.00677990913391	
135.474692064	47.0	0.000508785247803	
719.499637143	596.0	0.00685620307922	
1729.03519993	1236.0	0.0175521373749	
1079.96053415	1069.0	0.0111210346222	
304.334114517	136.0	0.00139212608337	
277.903811276	86.0	0.000846147537231	
727.286589221	612.0	0.00593304634094	
1665.44910829	1148.0	0.0109930038452	
803.038846001	682.0	0.00658011436462	
1101.73747677	928.0	0.0095751285553	
1444.96528265	978.0	0.0100619792938	
954.739162629	641.0	0.00664281845093	
1233.37205795	851.0	0.00854587554932	
573.427295704	422.0	0.00405406951904	
700.740596656	550.0	0.00525712966919	
932.485092618	872.0	0.00786900520325	
1506.02312101	1174.0	0.0105199813843	
1419.40777776	1200.0	0.0110809803009	
1097.38185325	915.0	0.00963282585144	
1300.59435892	1199.0	0.0118451118469	
1104.1056339	852.0	0.00836515426636	
1337.09863811	872.0	0.0086510181427	
575.714743723	384.0	0.00376105308533	
373.968814032	147.0	0.00143313407898	
759.144367804	702.0	0.00691199302673	
759.98450542	633.0	0.0062210559845	
1223.28627167	1033.0	0.0106060504913	
136.633282842	35.0	0.000411033630371	
343.957084827	140.0	0.00158786773682	
2158.26312899	860.0	0.00957894325256	
472.724306522	293.0	0.00304508209229	
730.227566084	411.0	0.0045051574707	
1525.47975421	1187.0	0.012237071991	
562.754329453	358.0	0.00347208976746	
895.596426394	921.0	0.00956106185913	
1121.90752705	651.0	0.00612998008728	
1437.76894334	1322.0	0.0132780075073	
273.175208797	137.0	0.00139784812927	
1933.63601682	1200.0	0.0119950771332	
1634.11632695	1035.0	0.0133349895477	
824.407354212	660.0	0.00664114952087	
1172.53767445	1026.0	0.0102999210358	
1299.30641931	982.0	0.00966691970825	
1096.25330959	723.0	0.00677990913391	
1304.27611511	1144.0	0.0115568637848	
484.881802539	313.0	0.0031750202179	
470.083102269	210.0	0.00205302238464	
925.310903976	572.0	0.00626301765442	
196.607535978	24.0	0.000278949737549	
349.716018911	154.0	0.00157999992371	
400.24597702	167.0	0.00152397155762	
1867.14216616	1297.0	0.0123629570007	
693.946333251	538.0	0.00525403022766	
1309.03570851	895.0	0.00853300094604	
1487.00493657	986.0	0.00959205627441	
1332.45262463	1033.0	0.0100750923157	
638.470921175	492.0	0.00458884239197	
1471.10683168	1270.0	0.0112569332123	
776.863242122	463.0	0.00420212745667	
457.079217609	196.0	0.00178194046021	
595.247804492	227.0	0.00201797485352	
1154.33358278	860.0	0.00789594650269	
1167.80135337	608.0	0.00544309616089	
1080.15132153	892.0	0.00830388069153	
624.175440574	417.0	0.00384497642517	
1480.60166422	1216.0	0.0119209289551	
827.902419959	477.0	0.00460004806519	
1175.83727769	964.0	0.00883984565735	
1686.99829593	1107.0	0.00995397567749	
911.12668172	696.0	0.00629210472107	
556.557288788	336.0	0.00298500061035	
1262.47294157	973.0	0.00859808921814	
1092.90263961	980.0	0.00858283042908	
607.615029813	228.0	0.00198197364807	
1287.53621566	941.0	0.00981402397156	
796.832592387	736.0	0.00750494003296	
751.536136028	491.0	0.00487399101257	
958.691441157	791.0	0.00750780105591	
866.867820062	418.0	0.00379586219788	
837.891520678	455.0	0.00464701652527	
1054.37782177	947.0	0.00998091697693	
1199.99073449	770.0	0.00816679000854	
1635.40270098	1202.0	0.0132949352264	
1222.28570599	743.0	0.00732707977295	
1695.60559671	1193.0	0.0122489929199	
529.88406418	238.0	0.00237107276917	
454.63259079	247.0	0.00248289108276	
865.856915685	657.0	0.00695705413818	
392.334360572	230.0	0.002277135849	
1051.46325317	646.0	0.00655794143677	
920.766363185	723.0	0.00749897956848	
430.759270011	226.0	0.00354981422424	
1635.23459827	1064.0	0.0109648704529	
950.763684431	983.0	0.0103988647461	
1023.22118834	573.0	0.00604391098022	
375.067492604	92.0	0.0010130405426	
408.365840037	233.0	0.00234794616699	
