Cost	Requests	Runtime
619.14763783	61.0	0.000112056732178	
992.622092668	106.0	0.000159978866577	
2032.37037253	248.0	0.000327110290527	
869.356936938	97.0	0.000136852264404	
1649.56676306	194.0	0.000258922576904	
849.55970283	82.0	0.000149965286255	
1213.97790236	151.0	0.000232934951782	
281.441735018	43.0	7.60555267334e-05	
1216.35661689	168.0	0.000226974487305	
1504.14780422	159.0	0.000226020812988	
2157.18931473	259.0	0.000339031219482	
940.928988162	132.0	0.000178098678589	
830.406993869	115.0	0.000159025192261	
1112.07300861	103.0	0.000162839889526	
1189.64759876	142.0	0.00019097328186	
1629.4252868	186.0	0.000296115875244	
1068.80767146	106.0	0.000157833099365	
1305.75882943	151.0	0.000202178955078	
380.878646428	34.0	5.91278076172e-05	
1792.63094161	174.0	0.000236034393311	
1361.01751644	140.0	0.000195980072021	
856.281607153	83.0	0.0001380443573	
636.705085555	70.0	0.000104904174805	
2146.86683471	282.0	0.000371932983398	
763.036720544	90.0	0.000149011611938	
811.74519341	79.0	0.000114917755127	
969.287874063	106.0	0.000195026397705	
991.192548571	106.0	0.00015115737915	
557.432049488	55.0	0.000101089477539	
2054.46973974	203.0	0.000290870666504	
602.449403533	76.0	0.000114917755127	
922.514522666	106.0	0.000144958496094	
795.143489562	106.0	0.000150203704834	
1234.64137778	149.0	0.000203132629395	
1500.63670082	167.0	0.000229835510254	
689.963557005	88.0	0.000127077102661	
1605.05357468	158.0	0.00021505355835	
1055.55639786	124.0	0.000277042388916	
2155.31827977	239.0	0.000347137451172	
1219.57841912	124.0	0.00017786026001	
1417.04965228	159.0	0.000239849090576	
533.857353895	52.0	9.32216644287e-05	
676.993018898	79.0	0.000118017196655	
717.559648619	78.0	0.000111103057861	
766.259494138	79.0	0.000155925750732	
1318.59092814	140.0	0.000331878662109	
845.430942554	114.0	0.000207901000977	
862.154972888	97.0	0.000189065933228	
593.675059242	60.0	0.000108003616333	
608.515364196	70.0	0.000113010406494	
1556.25763667	183.0	0.000266075134277	
777.269913672	115.0	0.000162839889526	
1727.69095104	196.0	0.000261068344116	
1305.59643636	158.0	0.000230073928833	
859.642654064	106.0	0.000144958496094	
929.512142534	114.0	0.000271081924438	
984.119769878	132.0	0.000181913375854	
81.0246875958	5.0	2.00271606445e-05	
1970.455751	230.0	0.000296115875244	
643.647067018	61.0	9.60826873779e-05	
1491.44543722	159.0	0.000242948532104	
1646.25493462	204.0	0.00028395652771	
812.684250815	79.0	0.000112056732178	
1825.55932987	205.0	0.000262975692749	
766.293196051	79.0	0.0001220703125	
835.296977528	94.0	0.000149011611938	
465.724081889	52.0	8.29696655273e-05	
685.895040651	78.0	0.000113010406494	
1438.16450577	169.0	0.000228881835938	
913.672608517	96.0	0.000132083892822	
1501.28399176	157.0	0.000247955322266	
1028.94282015	124.0	0.000200033187866	
1251.1052162	158.0	0.000241994857788	
911.804112282	106.0	0.000152111053467	
507.881363042	61.0	8.98838043213e-05	
1382.75353085	168.0	0.000219821929932	
1165.88071616	121.0	0.000174045562744	
696.91216896	79.0	0.000115156173706	
865.480402689	95.0	0.000157117843628	
1694.31134019	214.0	0.000287055969238	
677.082879819	88.0	0.000130176544189	
951.413213821	105.0	0.000165939331055	
375.054353247	43.0	7.20024108887e-05	
252.527576149	24.0	5.69820404053e-05	
583.946358137	68.0	0.000108957290649	
811.492752237	88.0	0.000128984451294	
941.311515602	115.0	0.000160932540894	
715.009330198	79.0	0.000123023986816	
456.906745346	52.0	7.89165496826e-05	
857.656828746	113.0	0.000147104263306	
890.559928583	106.0	0.000149011611938	
1885.95836998	223.0	0.000303030014038	
1088.59349946	111.0	0.000195026397705	
596.711739524	52.0	9.67979431152e-05	
1995.11042419	256.0	0.000344038009644	
990.582931184	115.0	0.000164031982422	
430.250831499	42.0	6.69956207275e-05	
501.068743083	51.0	7.79628753662e-05	
416.987384646	51.0	7.70092010498e-05	
1866.21171305	196.0	0.000264883041382	
1641.48937259	177.0	0.000232934951782	
1728.64979582	196.0	0.000268936157227	
1303.58070244	176.0	0.000277042388916	
967.094400573	129.0	0.000180959701538	
1754.36521121	230.0	0.000370979309082	
1284.24656991	169.0	0.000239133834839	
1694.17567399	186.0	0.000262975692749	
1459.55191436	160.0	0.000214099884033	
1671.8604045	205.0	0.000288009643555	
1421.67497974	160.0	0.000286102294922	
1059.87515265	128.0	0.000190019607544	
1519.58535246	186.0	0.000288963317871	
1283.20739301	156.0	0.000210046768188	
764.132986364	79.0	0.000118970870972	
615.527874064	52.0	8.20159912109e-05	
1141.38242874	115.0	0.000159025192261	
1483.26434159	185.0	0.000255107879639	
1281.98917872	124.0	0.000168800354004	
1367.68311029	150.0	0.000197887420654	
419.157683807	61.0	0.000118017196655	
751.641562688	79.0	0.000126838684082	
913.056732482	124.0	0.000184059143066	
1298.15596749	142.0	0.000200986862183	
1386.81717064	167.0	0.000226974487305	
1242.1819595	124.0	0.000368118286133	
1368.98357457	151.0	0.000256061553955	
1349.95261754	178.0	0.000288009643555	
101.633636997	8.0	2.8133392334e-05	
1532.90029774	169.0	0.000294923782349	
1406.95329457	178.0	0.000279903411865	
556.863797017	70.0	0.000146865844727	
1462.90996707	152.0	0.000468015670776	
1178.55064345	151.0	0.000448942184448	
715.075274707	77.0	0.000195026397705	
844.732818557	97.0	0.000258922576904	
437.698930855	32.0	7.10487365723e-05	
996.722079087	106.0	0.000176906585693	
382.330371147	52.0	8.79764556885e-05	
252.268435975	42.0	7.58171081543e-05	
1691.37064779	187.0	0.000339984893799	
910.665769483	131.0	0.000217914581299	
537.938160782	51.0	8.29696655273e-05	
1250.12997076	140.0	0.000227928161621	
451.174680379	61.0	0.000123023986816	
1021.11349543	115.0	0.000180959701538	
1068.81557764	133.0	0.000205993652344	
1121.55403732	121.0	0.000179052352905	
2113.82803893	286.0	0.000485897064209	
1587.74127811	176.0	0.000272989273071	
1154.4691377	122.0	0.000180006027222	
1309.95681468	151.0	0.000224113464355	
490.650841256	60.0	0.0001220703125	
933.70487774	97.0	0.000147104263306	
693.368190705	88.0	0.000151872634888	
1635.92117149	208.0	0.000317811965942	
1178.84441907	114.0	0.000171899795532	
1165.34953931	132.0	0.00025486946106	
577.206728511	67.0	0.000105857849121	
1654.55889809	187.0	0.000308036804199	
1675.16873474	196.0	0.000268936157227	
1000.35234896	97.0	0.000143051147461	
295.959029318	25.0	5.00679016113e-05	
1612.75393167	194.0	0.000354051589966	
969.884070482	88.0	0.000168800354004	
928.386477699	105.0	0.000164985656738	
1035.52582062	115.0	0.000174999237061	
1306.28758516	140.0	0.000221967697144	
1178.79787966	160.0	0.000285863876343	
559.589888216	61.0	0.000109910964966	
944.630356952	106.0	0.000169992446899	
330.686708013	43.0	8.01086425781e-05	
767.946051689	65.0	0.0001220703125	
543.279541411	66.0	0.000113964080811	
78.0326670036	16.0	0.000118017196655	
922.32974776	93.0	0.000158071517944	
1121.8655754	114.0	0.000185966491699	
593.917550805	60.0	9.48905944824e-05	
742.772978954	95.0	0.000181913375854	
1175.22181388	140.0	0.000205993652344	
1097.2800262	111.0	0.000190019607544	
220.704953426	16.0	3.91006469727e-05	
1490.66146976	187.0	0.000263929367065	
289.809902587	34.0	5.81741333008e-05	
517.842415611	70.0	0.000103950500488	
567.503623593	68.0	0.000104904174805	
1611.98168675	178.0	0.00023889541626	
421.826078455	41.0	6.91413879395e-05	
470.784859888	43.0	7.29560852051e-05	
532.579846027	51.0	7.82012939453e-05	
1416.73397918	149.0	0.000196933746338	
1282.98794208	159.0	0.000211000442505	
572.860048528	70.0	0.000121116638184	
1930.63858246	203.0	0.000272989273071	
1969.78429775	239.0	0.000351905822754	
1345.5718233	142.0	0.000194072723389	
821.566068813	88.0	0.000121831893921	
400.997130953	52.0	7.89165496826e-05	
1620.48120576	176.0	0.000228881835938	
635.838421237	78.0	0.000120878219604	
1233.58574152	122.0	0.000179052352905	
502.009188389	46.0	8.51154327393e-05	
1389.57473091	151.0	0.000213146209717	
1313.83225445	160.0	0.000236988067627	
1545.65270477	194.0	0.000318050384521	
910.217728882	106.0	0.000171899795532	
262.365235559	16.0	3.91006469727e-05	
957.836844234	132.0	0.000186920166016	
1302.10690681	133.0	0.000188827514648	
720.817747479	110.0	0.000185012817383	
263.644109361	25.0	5.10215759277e-05	
385.581097233	34.0	6.19888305664e-05	
364.826058856	34.0	6.60419464111e-05	
1177.33604336	124.0	0.000187158584595	
709.689346842	79.0	0.00011682510376	
828.846855648	97.0	0.000162124633789	
1732.40749311	205.0	0.000385046005249	
1661.07839056	187.0	0.000294923782349	
791.096984691	88.0	0.000172853469849	
700.701810456	79.0	0.00012993812561	
795.634326861	79.0	0.000119924545288	
1438.45539688	179.0	0.000314950942993	
1411.73375609	142.0	0.000249862670898	
576.035674902	79.0	0.000138998031616	
1243.71340295	142.0	0.000213146209717	
871.531830449	103.0	0.00022292137146	
1061.50772384	116.0	0.00019383430481	
904.842653993	95.0	0.000149011611938	
812.079304702	89.0	0.000131845474243	
1841.16311641	194.0	0.000259876251221	
806.527375288	86.0	0.000123977661133	
1693.48563358	222.0	0.000285863876343	
769.055604385	88.0	0.000136137008667	
481.432936262	67.0	0.000102996826172	
1518.16179901	166.0	0.00023889541626	
945.118595573	96.0	0.0001380443573	
1656.3193791	178.0	0.000258922576904	
1178.31844235	108.0	0.000173091888428	
1437.26371343	195.0	0.000333070755005	
673.013361577	76.0	0.000124931335449	
277.026397619	14.0	3.81469726562e-05	
1322.96894391	169.0	0.000235080718994	
1063.84105709	133.0	0.00019383430481	
1237.89578259	129.0	0.000195026397705	
682.972049065	70.0	0.000153064727783	
1269.99154103	151.0	0.000245094299316	
1432.90307858	142.0	0.000214815139771	
1447.03254098	185.0	0.000263929367065	
1259.60185678	160.0	0.000236988067627	
1264.22921983	160.0	0.000220775604248	
1262.09935028	142.0	0.000203847885132	
1801.23597324	232.0	0.000366926193237	
1437.36552619	169.0	0.000247001647949	
1001.91174673	124.0	0.000170946121216	
1258.1923423	133.0	0.000196218490601	
1962.04151049	266.0	0.000367879867554	
1142.63315456	133.0	0.000221014022827	
452.367311464	48.0	7.70092010498e-05	
820.518686255	106.0	0.000147819519043	
888.828894371	106.0	0.0001540184021	
737.674908434	88.0	0.000133991241455	
301.793491569	34.0	5.98430633545e-05	
1278.54413717	169.0	0.000241041183472	
935.811844114	106.0	0.000163078308105	
981.799808347	118.0	0.000230073928833	
1163.37076837	142.0	0.000302076339722	
703.907460371	77.0	0.000123977661133	
1206.85383253	133.0	0.000191926956177	
1138.30238382	133.0	0.000185966491699	
919.279008533	115.0	0.000208139419556	
1692.27018213	194.0	0.000280141830444	
1380.57348349	167.0	0.000246047973633	
185.306313379	33.0	9.70363616943e-05	
1241.16769009	151.0	0.000274896621704	
1283.1408768	133.0	0.000194072723389	
1206.25734652	141.0	0.000394105911255	
239.870824626	25.0	5.19752502441e-05	
754.893185641	96.0	0.000150918960571	
450.932488726	60.0	0.000134944915771	
1286.20953166	151.0	0.000221967697144	
1036.80883411	122.0	0.000186204910278	
1119.517386	130.0	0.000183820724487	
1362.16663369	160.0	0.00021505355835	
813.643331819	88.0	0.000127077102661	
1421.17153512	160.0	0.000220060348511	
641.606224937	67.0	0.000108957290649	
530.090622284	51.0	8.70227813721e-05	
1615.72318194	176.0	0.000255823135376	
605.164756054	61.0	9.60826873779e-05	
1339.98735246	167.0	0.000281095504761	
442.983994947	52.0	8.29696655273e-05	
1532.847915	169.0	0.000224828720093	
184.116503995	25.0	4.79221343994e-05	
1409.22235959	187.0	0.000242948532104	
599.322052392	87.0	0.000125885009766	
696.237726552	79.0	0.000113010406494	
1219.18151735	124.0	0.000171184539795	
808.517308397	86.0	0.000195980072021	
917.913911149	88.0	0.000144958496094	
1811.66374117	196.0	0.000288963317871	
665.198998907	70.0	0.000113010406494	
1535.00166415	139.0	0.000219106674194	
876.561627641	88.0	0.000128030776978	
1283.40508341	141.0	0.000190019607544	
767.173941782	95.0	0.000160932540894	
1319.77691486	160.0	0.000283002853394	
1072.74863263	140.0	0.000240087509155	
1029.82315219	106.0	0.000176191329956	
614.081985824	79.0	0.000182867050171	
947.414421818	106.0	0.000185966491699	
457.193399269	52.0	9.29832458496e-05	
1147.51856501	133.0	0.00020694732666	
1787.94869491	220.0	0.000558137893677	
585.421037327	70.0	0.000144004821777	
1006.08233775	97.0	0.000182867050171	
337.992641458	51.0	0.000117063522339	
230.311041708	34.0	7.20024108887e-05	
363.508741478	42.0	7.70092010498e-05	
1207.3094107	131.0	0.00039005279541	
844.23144056	115.0	0.000192165374756	
1443.43934102	185.0	0.000319957733154	
828.96200665	79.0	0.000119924545288	
1313.49265316	142.0	0.000217914581299	
90.1551580747	6.0	2.00271606445e-05	
937.20643361	105.0	0.00016713142395	
459.697788963	52.0	9.20295715332e-05	
2104.34794092	257.0	0.000380992889404	
722.848023535	88.0	0.000140905380249	
1242.72716045	158.0	0.000244140625	
443.425419115	52.0	8.39233398438e-05	
595.934901941	61.0	9.70363616943e-05	
1285.6238934	124.0	0.000207901000977	
1103.10992306	124.0	0.000187158584595	
1154.10325555	124.0	0.000210046768188	
796.367289899	97.0	0.000142097473145	
684.988880042	88.0	0.000136852264404	
892.60544908	88.0	0.000133991241455	
692.850114663	87.0	0.000143051147461	
1788.87808968	213.0	0.000358104705811	
596.048655977	70.0	0.000111103057861	
530.310303187	61.0	9.79900360107e-05	
1097.83238203	159.0	0.000506162643433	
1068.82150074	139.0	0.000212907791138	
734.35375228	88.0	0.000180006027222	
71.4226278698	8.0	2.50339508057e-05	
608.783467118	61.0	9.89437103271e-05	
982.315625552	133.0	0.000205993652344	
592.569779626	43.0	7.79628753662e-05	
554.625897005	61.0	0.000104188919067	
1015.61911532	147.0	0.000224113464355	
765.970228321	79.0	0.000174999237061	
1708.59614395	202.0	0.00029182434082	
1355.40744299	176.0	0.000249147415161	
838.669251825	88.0	0.000165939331055	
539.069863679	61.0	0.000123023986816	
1684.10376957	205.0	0.000339984893799	
1129.6840417	133.0	0.000226974487305	
1007.41952763	113.0	0.000227212905884	
823.545751939	86.0	0.000146150588989	
498.383509959	51.0	0.000150203704834	
967.034779547	115.0	0.000189065933228	
1523.16044227	169.0	0.000380992889404	
1198.14549941	147.0	0.000247001647949	
610.180181601	69.0	0.000115871429443	
355.183516227	32.0	6.69956207275e-05	
2079.97948875	241.0	0.000370025634766	
415.439748723	34.0	6.38961791992e-05	
1323.30265269	177.0	0.00029182434082	
312.562853573	34.0	6.91413879395e-05	
336.64861724	33.0	6.41345977783e-05	
905.738198144	105.0	0.000186920166016	
1373.81820203	167.0	0.000259160995483	
797.896634789	106.0	0.00016713142395	
771.608310885	88.0	0.000178098678589	
707.374657184	70.0	0.000110864639282	
669.17445274	59.0	0.000127077102661	
444.252007404	52.0	9.3936920166e-05	
456.498716346	43.0	9.79900360107e-05	
1587.66230652	194.0	0.000349998474121	
626.405549282	79.0	0.000141859054565	
1222.73877973	133.0	0.000220060348511	
806.744835761	78.0	0.000144958496094	
1565.00210673	211.0	0.000574827194214	
793.593127349	81.0	0.000151872634888	
1491.67876275	177.0	0.000326871871948	
827.541070774	105.0	0.000181913375854	
1245.78433901	142.0	0.000226020812988	
1062.39782829	131.0	0.000319004058838	
574.350146401	52.0	0.000113964080811	
1494.83354279	196.0	0.000298976898193	
1520.32072315	212.0	0.000339031219482	
490.847193974	43.0	9.10758972168e-05	
1208.13380522	151.0	0.000246047973633	
1345.35103075	160.0	0.000262975692749	
1517.57554414	195.0	0.000288009643555	
1633.12953302	186.0	0.000266075134277	
1005.82284374	104.0	0.000171899795532	
681.68205221	96.0	0.000157117843628	
1163.50361798	133.0	0.000216007232666	
180.025422465	16.0	4.41074371338e-05	
1415.35455378	160.0	0.000367879867554	
722.510314757	79.0	0.000124931335449	
680.109844673	79.0	0.000137805938721	
1610.04100888	190.0	0.000382900238037	
1797.81060547	232.0	0.000365018844604	
862.489196518	88.0	0.000135183334351	
603.083011606	61.0	0.000120162963867	
1315.56725887	160.0	0.000283002853394	
1425.22619617	185.0	0.000317096710205	
1462.5917239	186.0	0.000310897827148	
835.368102195	96.0	0.0001540184021	
1520.56227738	177.0	0.000258207321167	
313.743422497	51.0	0.000102996826172	
294.858665912	22.0	5.10215759277e-05	
1425.88304861	177.0	0.00032901763916	
1427.61822482	158.0	0.000307083129883	
1540.99521349	128.0	0.000229120254517	
1431.83505107	160.0	0.000231981277466	
303.882544226	25.0	5.50746917725e-05	
1659.44847172	167.0	0.000257015228271	
504.206641863	61.0	0.000107049942017	
541.187054091	61.0	0.000102043151855	
2339.62228098	266.0	0.000410079956055	
1515.71916165	169.0	0.000257968902588	
415.125130188	43.0	9.20295715332e-05	
725.105814115	66.0	0.000117063522339	
610.941970332	103.0	0.000170946121216	
1124.56970187	132.0	0.000231027603149	
351.77910685	43.0	7.70092010498e-05	
1025.26822963	97.0	0.000153064727783	
1669.56926087	195.0	0.000294208526611	
535.545625154	52.0	9.20295715332e-05	
1860.22454451	240.0	0.000379085540771	
357.53707049	34.0	6.38961791992e-05	
797.802066233	79.0	0.000133037567139	
1721.97340225	211.0	0.000314950942993	
904.8352341	97.0	0.000150918960571	
1419.79625628	142.0	0.00019383430481	
1499.13477844	178.0	0.000277996063232	
1671.90337206	205.0	0.000308036804199	
1098.65062072	124.0	0.000187873840332	
423.027431529	32.0	7.29560852051e-05	
1438.10153536	160.0	0.000238180160522	
1407.47049187	148.0	0.000253915786743	
349.042725516	43.0	7.70092010498e-05	
1851.0846784	221.0	0.000334978103638	
378.671245775	50.0	9.48905944824e-05	
1206.88921201	159.0	0.00023889541626	
1919.44842504	238.0	0.000348091125488	
697.705285345	76.0	0.000127077102661	
2086.0881073	264.0	0.000369071960449	
1328.52974241	176.0	0.000259160995483	
1159.0050945	124.0	0.000196933746338	
431.334726157	43.0	7.58171081543e-05	
1324.05359677	142.0	0.000225067138672	
1216.58606518	122.0	0.000219106674194	
1107.50493492	133.0	0.000191211700439	
1032.58708264	115.0	0.00017786026001	
1818.57425587	221.0	0.000363826751709	
1357.92738055	131.0	0.000212907791138	
1131.45956506	115.0	0.000216007232666	
1441.40417376	169.0	0.000305891036987	
1582.48754257	167.0	0.000239849090576	
1702.05706603	205.0	0.000320911407471	
317.222590502	32.0	6.69956207275e-05	
907.313447967	97.0	0.000149965286255	
1147.08418163	122.0	0.000420093536377	
243.112171912	16.0	7.82012939453e-05	
593.693187629	69.0	0.000242948532104	
2129.61333227	259.0	0.000453948974609	
1955.87127504	203.0	0.000304937362671	
1519.37830484	158.0	0.000241041183472	
1331.36699943	151.0	0.000260829925537	
1092.86104717	115.0	0.000172853469849	
1854.06973905	212.0	0.000317096710205	
1932.28148358	248.0	0.000370025634766	
850.332366102	80.0	0.000184774398804	
1507.72844526	159.0	0.000241994857788	
1096.2761327	142.0	0.00021505355835	
1216.31844372	140.0	0.00023889541626	
1270.32313226	168.0	0.000221014022827	
278.314185445	43.0	8.29696655273e-05	
1035.53201293	114.0	0.000180006027222	
613.600020929	70.0	0.000117063522339	
733.03127647	88.0	0.000136137008667	
1725.27902554	220.0	0.000332117080688	
765.671883939	79.0	0.000137090682983	
1762.27232296	177.0	0.000288009643555	
810.336137829	88.0	0.000139951705933	
1333.49463295	167.0	0.0002281665802	
942.486310413	94.0	0.000147819519043	
2230.89286471	239.0	0.000356197357178	
927.551768552	88.0	0.000146865844727	
2372.5933357	293.0	0.00043511390686	
1515.71791615	169.0	0.000274896621704	
637.069998389	79.0	0.000135183334351	
1074.25444425	132.0	0.000243902206421	
362.413409904	34.0	6.31809234619e-05	
401.301513284	34.0	6.19888305664e-05	
173.619343529	16.0	3.50475311279e-05	
1262.11721589	160.0	0.000253200531006	
1544.93476651	178.0	0.000266075134277	
896.266926576	115.0	0.000197887420654	
1421.59860808	151.0	0.000221014022827	
593.265351265	78.0	0.000118017196655	
1275.00474226	131.0	0.00019907951355	
1541.58901821	196.0	0.000282049179077	
880.186100011	97.0	0.000227928161621	
1502.88739883	160.0	0.000245094299316	
273.485077135	34.0	8.9168548584e-05	
1349.06067148	160.0	0.000255107879639	
667.513351291	70.0	0.000104904174805	
745.744195178	70.0	0.000112056732178	
856.313002784	79.0	0.000130891799927	
1605.83637303	178.0	0.000324964523315	
455.433559447	52.0	9.10758972168e-05	
1654.05491561	196.0	0.000539064407349	
1411.95347437	178.0	0.000295877456665	
295.550227124	24.0	7.91549682617e-05	
830.355230913	87.0	0.000139951705933	
1020.97708924	106.0	0.000291109085083	
1054.61659731	132.0	0.000235080718994	
699.881603629	79.0	0.000121116638184	
779.85060402	104.0	0.000158071517944	
599.959218297	61.0	0.000153064727783	
224.694498443	25.0	7.39097595215e-05	
590.960212872	69.0	0.00015115737915	
756.578116355	115.0	0.000221967697144	
1079.94571526	124.0	0.000261068344116	
283.298757618	42.0	7.29560852051e-05	
1017.85068181	97.0	0.000186920166016	
1148.62421325	131.0	0.000232934951782	
1223.92623318	115.0	0.000203847885132	
907.67978342	133.0	0.000308990478516	
783.028330987	88.0	0.000139951705933	
623.879626858	70.0	0.000118970870972	
1222.31852712	140.0	0.000211000442505	
513.387951988	59.0	0.000136852264404	
813.778771072	106.0	0.000180959701538	
870.125707744	76.0	0.000156879425049	
410.974345357	60.0	0.00019907951355	
2409.10387775	281.0	0.000458002090454	
980.793737335	115.0	0.000186204910278	
820.005778413	103.0	0.000180006027222	
454.438752216	61.0	0.000123023986816	
1867.74097871	214.0	0.000331163406372	
1115.07305935	140.0	0.000247955322266	
2194.06355843	283.0	0.000449895858765	
1221.34998416	151.0	0.000225067138672	
705.550015644	86.0	0.000147819519043	
334.668938482	34.0	7.20024108887e-05	
852.061718537	105.0	0.000165939331055	
588.648288998	68.0	0.000128984451294	
457.802325594	34.0	0.000106811523438	
1147.12452999	131.0	0.000220060348511	
539.995975818	61.0	0.000109195709229	
1190.65559196	133.0	0.000216007232666	
359.919326118	42.0	7.70092010498e-05	
1207.28113168	151.0	0.000243186950684	
1604.09772061	187.0	0.000501871109009	
600.374633338	59.0	0.000144004821777	
1590.95991167	188.0	0.000334024429321	
1209.8481878	133.0	0.000418901443481	
1348.8446088	177.0	0.000409126281738	
860.593541193	97.0	0.000163078308105	
1288.86949441	131.0	0.000232934951782	
1442.91336917	178.0	0.000271081924438	
581.760897556	77.0	0.000226020812988	
1412.85800665	140.0	0.000255823135376	
1580.64178788	186.0	0.000263929367065	
597.903717589	61.0	9.91821289062e-05	
477.867700045	42.0	8.20159912109e-05	
857.440102901	86.0	0.000144958496094	
1704.66716452	214.0	0.000319004058838	
759.390341888	63.0	0.000144958496094	
1384.93877274	178.0	0.000327110290527	
1301.60137968	160.0	0.000227928161621	
745.390420732	97.0	0.0001540184021	
580.845952716	70.0	0.000103950500488	
453.339300545	52.0	8.32080841064e-05	
926.096686811	95.0	0.000140190124512	
1512.91746438	214.0	0.000289916992188	
1295.88895862	160.0	0.000281095504761	
868.915066302	88.0	0.000237941741943	
681.008345794	59.0	0.000108957290649	
133.205618016	8.0	2.50339508057e-05	
2259.3023824	283.0	0.000411033630371	
576.742789894	70.0	0.000105142593384	
871.501185527	114.0	0.000165939331055	
1449.42438842	124.0	0.000185966491699	
1724.47137811	222.0	0.00031304359436	
1638.61019504	192.0	0.000256061553955	
861.88836825	114.0	0.000178098678589	
1282.44348023	139.0	0.00019907951355	
367.510123168	43.0	7.10487365723e-05	
1504.32971289	187.0	0.00028395652771	
2017.58457456	230.0	0.000310897827148	
890.777220993	96.0	0.000133037567139	
371.215369155	33.0	6.00814819336e-05	
670.300637137	79.0	0.000115871429443	
807.159397679	87.0	0.000125169754028	
1243.20648503	168.0	0.000223159790039	
1084.59471428	115.0	0.000180006027222	
981.484366778	123.0	0.000216007232666	
903.626066402	104.0	0.000167846679688	
1049.70792165	106.0	0.000168085098267	
1722.65473428	147.0	0.000241041183472	
1134.12880928	126.0	0.000179052352905	
551.915571296	70.0	0.000104904174805	
1339.99879579	133.0	0.000181198120117	
555.52512157	61.0	9.60826873779e-05	
364.577720966	43.0	6.91413879395e-05	
1989.99395243	250.0	0.000323057174683	
1756.7805247	203.0	0.000272035598755	
1089.42213152	121.0	0.000333070755005	
1006.87829509	106.0	0.000199794769287	
1138.65861435	124.0	0.00018310546875	
1618.87441393	186.0	0.000261068344116	
1320.5769356	142.0	0.000224113464355	
976.033293101	133.0	0.000207185745239	
1318.73273756	133.0	0.00018310546875	
1425.86047071	108.0	0.000173807144165	
1040.78684184	133.0	0.000175952911377	
1982.37223862	247.0	0.000362157821655	
1852.13464003	205.0	0.000272989273071	
1083.87793574	106.0	0.000159978866577	
699.267902956	70.0	0.000105142593384	
556.77469007	52.0	8.60691070557e-05	
401.61377629	68.0	0.000110149383545	
1617.7216099	187.0	0.000261068344116	
524.545373222	69.0	9.89437103271e-05	
371.501262323	43.0	7.10487365723e-05	
1269.47121898	151.0	0.000203847885132	
959.880810215	104.0	0.000149011611938	
251.403007833	34.0	6.103515625e-05	
546.814876494	70.0	0.000128030776978	
2032.09837004	268.0	0.000405073165894	
1487.91554854	166.0	0.000225067138672	
1938.19468471	187.0	0.00025200843811	
514.409405587	69.0	0.000103950500488	
1215.90973709	149.0	0.000211954116821	
1182.92734497	150.0	0.000203847885132	
1152.10239014	140.0	0.000193119049072	
1473.6460876	185.0	0.000241994857788	
1414.50522147	178.0	0.000277996063232	
960.004207853	113.0	0.000172853469849	
2071.38829098	257.0	0.000391006469727	
1495.78455064	160.0	0.000226974487305	
1685.72145807	169.0	0.000256061553955	
827.895097379	95.0	0.000132083892822	
1048.10129246	86.0	0.000140905380249	
1348.4724444	151.0	0.000210046768188	
1063.04365974	132.0	0.000211954116821	
1733.88450867	205.0	0.000356912612915	
728.795489106	95.0	0.000154972076416	
863.587019053	97.0	0.000159025192261	
435.271389408	43.0	8.10623168945e-05	
1530.53878519	184.0	0.000272035598755	
839.097655082	95.0	0.000159025192261	
1182.88942094	123.0	0.000271081924438	
715.290202004	86.0	0.000205039978027	
1031.94857868	106.0	0.000180006027222	
1181.83815175	113.0	0.000236034393311	
636.354897765	78.0	0.000157833099365	
1180.65829384	130.0	0.000219821929932	
1004.65087375	106.0	0.000183820724487	
793.627776903	106.0	0.000170946121216	
610.393600223	41.0	0.000111103057861	
905.335850309	106.0	0.000186920166016	
585.170625506	70.0	0.000147104263306	
1197.56807398	142.0	0.000245094299316	
254.797262575	16.0	6.29425048828e-05	
697.841104558	77.0	0.000135898590088	
353.760080976	33.0	8.98838043213e-05	
2121.26542965	266.0	0.000595092773438	
420.905005362	43.0	0.00010085105896	
1127.50242482	123.0	0.000211000442505	
1619.7428475	187.0	0.000314950942993	
82.616146661	16.0	5.31673431396e-05	
911.722493391	104.0	0.000221014022827	
914.772904225	88.0	0.000149011611938	
638.621133367	45.0	0.000121831893921	
687.45524126	59.0	0.000110864639282	
990.15103439	140.0	0.000277996063232	
1197.87466929	122.0	0.000327110290527	
1140.96441874	114.0	0.000176906585693	
133.826941378	16.0	4.38690185547e-05	
788.322326199	86.0	0.000166893005371	
872.221825331	97.0	0.000205993652344	
1812.8860334	230.0	0.000318050384521	
705.665761597	70.0	0.000128030776978	
1913.76044938	210.0	0.000441074371338	
570.194395497	70.0	0.000174045562744	
2590.2435998	293.0	0.000603914260864	
1547.74250341	196.0	0.000458002090454	
1263.12691479	160.0	0.000251054763794	
949.390724724	106.0	0.000205993652344	
1167.90705177	148.0	0.000304937362671	
1177.41546573	128.0	0.000188112258911	
883.19628099	97.0	0.000180959701538	
328.911661903	41.0	0.000105857849121	
1154.71903012	133.0	0.000311136245728	
120.88873898	16.0	5.29289245605e-05	
516.97069771	60.0	0.000138998031616	
1480.64904878	186.0	0.000425100326538	
1334.45243208	168.0	0.000407934188843	
727.601937896	79.0	0.000149965286255	
1389.67583338	127.0	0.000295162200928	
356.489049638	51.0	9.29832458496e-05	
359.371195446	51.0	0.000114917755127	
1723.00976053	213.0	0.000401020050049	
2050.39271815	277.0	0.000458955764771	
2232.31488651	258.0	0.000401973724365	
827.134083904	105.0	0.000195026397705	
1138.92861437	115.0	0.000280141830444	
292.273723905	33.0	6.60419464111e-05	
517.135032671	52.0	0.000102996826172	
578.701479073	68.0	0.000178098678589	
858.545351304	79.0	0.000128984451294	
962.768511466	124.0	0.000317096710205	
1680.25227175	203.0	0.000315189361572	
1160.040669	132.0	0.000200033187866	
1479.36891203	142.0	0.000291109085083	
1047.96686812	106.0	0.00026798248291	
744.354683388	77.0	0.000186920166016	
1991.22628801	221.0	0.000460147857666	
830.775266866	123.0	0.000257968902588	
867.187188371	96.0	0.000243902206421	
2008.84338417	245.0	0.000361919403076	
96.6831761086	12.0	3.50475311279e-05	
822.663403071	97.0	0.000240087509155	
1232.59759032	160.0	0.000369071960449	
527.502336582	59.0	0.000127077102661	
784.037346882	106.0	0.000241994857788	
243.782098424	16.0	5.60283660889e-05	
1482.70351117	187.0	0.000397920608521	
1246.23994717	133.0	0.000241994857788	
1177.55439941	140.0	0.000247955322266	
1639.74004445	185.0	0.000416994094849	
873.127511942	106.0	0.000175952911377	
1562.36906804	178.0	0.000406980514526	
394.873100172	61.0	0.000158071517944	
687.797508923	70.0	0.000163078308105	
487.63491898	52.0	0.000131130218506	
1492.22655745	183.0	0.000375032424927	
717.002129583	70.0	0.000165939331055	
398.486379577	42.0	0.000126123428345	
1550.16403283	160.0	0.000364065170288	
441.340757296	34.0	8.29696655273e-05	
897.735685825	106.0	0.000201940536499	
1539.56880838	205.0	0.00043797492981	
74.8366510951	8.0	4.60147857666e-05	
1145.08963872	141.0	0.000229835510254	
989.049175957	142.0	0.000233888626099	
1428.35509411	167.0	0.000325918197632	
635.707433303	70.0	0.000156879425049	
1567.2830425	160.0	0.000420093536377	
849.224381724	97.0	0.00016188621521	
508.873422344	52.0	9.79900360107e-05	
670.751187675	53.0	0.000176191329956	
676.549492718	61.0	0.000122785568237	
1835.35163435	178.0	0.000430107116699	
791.069063591	106.0	0.000182151794434	
1217.87947048	133.0	0.000270843505859	
735.855159624	70.0	0.000205039978027	
1272.94264388	142.0	0.00021505355835	
137.840603572	25.0	6.38961791992e-05	
774.750455334	79.0	0.000128984451294	
904.6267942	97.0	0.000231027603149	
1045.15435699	124.0	0.000282049179077	
805.424040381	105.0	0.000226020812988	
608.610750519	61.0	0.000127077102661	
962.030725134	131.0	0.000267028808594	
1809.73242274	221.0	0.000392913818359	
1097.4497117	122.0	0.000280141830444	
898.00642165	105.0	0.000187158584595	
122.227302041	8.0	4.60147857666e-05	
1169.32257026	115.0	0.000255107879639	
853.250041604	79.0	0.000133037567139	
1684.79442321	192.0	0.000293970108032	
572.291922351	70.0	0.000117063522339	
762.22607936	97.0	0.000142812728882	
628.268006114	69.0	0.000107765197754	
392.124294299	43.0	0.000108957290649	
804.489202156	79.0	0.000116109848022	
1041.76443824	104.0	0.000157117843628	
1569.15476902	185.0	0.000297069549561	
701.35203975	69.0	0.000103950500488	
838.959890197	88.0	0.000143051147461	
1629.74281477	176.0	0.00023889541626	
1703.39601147	203.0	0.000302076339722	
664.285852045	76.0	0.000115871429443	
1068.60088867	124.0	0.000170946121216	
169.752981407	16.0	3.91006469727e-05	
558.35526526	70.0	0.000110864639282	
200.703118607	24.0	4.41074371338e-05	
1477.20349869	177.0	0.000245809555054	
1443.74215957	159.0	0.000216960906982	
823.822379657	97.0	0.000139951705933	
1225.89037376	124.0	0.000170946121216	
1325.14650556	141.0	0.000195026397705	
478.00147355	50.0	8.29696655273e-05	
1199.65435397	131.0	0.000202894210815	
316.323873791	32.0	6.8187713623e-05	
1101.44293605	97.0	0.000177145004272	
1692.21831196	205.0	0.00032901763916	
615.056029468	78.0	0.000269889831543	
1991.01882099	253.0	0.000458955764771	
1227.89315437	169.0	0.000245094299316	
503.692408719	41.0	9.3936920166e-05	
1474.33133709	147.0	0.000241041183472	
404.67996223	41.0	8.10623168945e-05	
618.455605666	78.0	0.000144958496094	
1468.18986414	193.0	0.000358104705811	
1254.55505856	178.0	0.00028395652771	
928.798757992	106.0	0.00016713142395	
1217.56086474	133.0	0.000246047973633	
697.978897223	79.0	0.000143051147461	
782.925646106	88.0	0.000157117843628	
595.994824228	79.0	0.000130176544189	
710.094518439	61.0	0.000109910964966	
777.879219125	88.0	0.00022292137146	
992.496155123	97.0	0.000185012817383	
696.943393569	79.0	0.000127077102661	
601.577429488	57.0	0.000136137008667	
1122.82139627	149.0	0.0002281665802	
895.570861234	115.0	0.000277996063232	
841.861825629	97.0	0.000156164169312	
1701.50173295	205.0	0.000354051589966	
741.390078792	68.0	0.000115156173706	
451.061042986	52.0	0.000149011611938	
800.042809329	106.0	0.00017786026001	
1299.16002091	160.0	0.000240087509155	
1502.09879144	201.0	0.000302076339722	
620.398716356	88.0	0.000138998031616	
227.709462672	33.0	5.88893890381e-05	
1805.40232781	203.0	0.00032901763916	
1338.39608293	142.0	0.000280857086182	
1577.2726844	196.0	0.000287055969238	
433.076993714	50.0	0.00011682510376	
989.049767724	94.0	0.00018310546875	
902.337880253	106.0	0.000271081924438	
1400.93205719	150.0	0.000247001647949	
1569.27241426	160.0	0.000447034835815	
396.078587807	34.0	6.79492950439e-05	
661.759504155	49.0	9.89437103271e-05	
750.461833902	70.0	0.000123977661133	
109.60383205	8.0	2.28881835938e-05	
1495.18938829	177.0	0.000295162200928	
1592.91428221	230.0	0.000339984893799	
1247.52600985	133.0	0.000205039978027	
952.361933882	114.0	0.00019097328186	
654.094057772	79.0	0.00014591217041	
618.445705255	74.0	0.000187158584595	
525.917723576	52.0	9.20295715332e-05	
1108.04585602	124.0	0.000194072723389	
1276.13081092	149.0	0.000273942947388	
1153.02343441	123.0	0.00025486946106	
1624.22007621	158.0	0.000261068344116	
378.709292282	35.0	0.000125169754028	
47.3609189567	8.0	2.78949737549e-05	
970.043444302	106.0	0.000195026397705	
1128.58852506	115.0	0.000190019607544	
932.539516416	97.0	0.0001540184021	
689.718230154	79.0	0.000133991241455	
860.884181109	88.0	0.000138998031616	
501.874971831	61.0	0.000102996826172	
1440.66484687	177.0	0.000266075134277	
1100.97770905	124.0	0.000197887420654	
952.35854582	115.0	0.000202178955078	
1762.79145782	203.0	0.000333070755005	
1297.58212985	142.0	0.00021505355835	
422.730031087	43.0	7.9870223999e-05	
1285.46685107	145.0	0.000231027603149	
1265.83826863	133.0	0.000205993652344	
1193.5624043	165.0	0.000253915786743	
947.34832618	88.0	0.000143051147461	
170.61133478	16.0	4.10079956055e-05	
693.824522301	96.0	0.000293016433716	
1293.8661315	142.0	0.000233888626099	
1162.48744247	107.0	0.000189065933228	
90.064449134	8.0	2.90870666504e-05	
375.798915966	43.0	8.10623168945e-05	
760.637471082	79.0	0.000132083892822	
1659.10927793	203.0	0.000308036804199	
748.061505712	96.0	0.000149965286255	
390.890029091	34.0	8.10623168945e-05	
208.743714728	19.0	5.10215759277e-05	
834.346672959	79.0	0.000133991241455	
360.301208578	34.0	6.91413879395e-05	
469.220220855	57.0	0.000102996826172	
1362.97968293	168.0	0.000425100326538	
1542.54750311	178.0	0.000316143035889	
1690.17846971	213.0	0.000311136245728	
1246.80882594	169.0	0.000274181365967	
783.173447434	70.0	0.000115156173706	
439.789530576	50.0	0.000112771987915	
1525.32939908	178.0	0.000277042388916	
856.760003654	96.0	0.000164985656738	
869.325931596	97.0	0.000174045562744	
1409.50562419	151.0	0.000267028808594	
554.010861366	52.0	9.58442687988e-05	
2148.94197506	257.0	0.000396966934204	
585.127670884	87.0	0.000195980072021	
385.87247063	34.0	7.00950622559e-05	
1732.51788364	221.0	0.00036883354187	
1259.05033805	151.0	0.000242948532104	
819.908825167	97.0	0.000152111053467	
1589.93023575	202.0	0.000334024429321	
553.660528263	61.0	0.000121116638184	
1122.74132668	138.0	0.000212907791138	
1675.59714123	169.0	0.000355958938599	
665.591717316	70.0	0.000205993652344	
531.381491854	61.0	0.000105142593384	
1123.82411418	132.0	0.000196933746338	
765.743461195	88.0	0.000141143798828	
1455.74338914	160.0	0.000378131866455	
2099.66834822	255.0	0.000371932983398	
1034.62342585	124.0	0.000204801559448	
762.400007345	97.0	0.00016188621521	
1361.42037503	185.0	0.000285148620605	
1086.13219415	124.0	0.000202894210815	
683.180850568	88.0	0.000139951705933	
221.339796456	33.0	6.103515625e-05	
2080.63084545	263.0	0.000383853912354	
733.191631392	87.0	0.000128030776978	
1145.34581796	113.0	0.00016713142395	
996.088631421	95.0	0.000143051147461	
1203.05392862	124.0	0.000210046768188	
1611.94498265	169.0	0.000263929367065	
335.258123897	41.0	7.5101852417e-05	
990.15842223	124.0	0.000184059143066	
460.539279633	43.0	7.5101852417e-05	
1045.3998014	133.0	0.000194072723389	
1587.29199173	178.0	0.000247001647949	
790.514943873	88.0	0.000128984451294	
1288.82393657	158.0	0.000209093093872	
2013.30970466	239.0	0.000353813171387	
684.083733908	79.0	0.000144004821777	
917.732608378	97.0	0.000174045562744	
1252.60428337	142.0	0.00025200843811	
295.808307555	33.0	6.00814819336e-05	
395.83465507	33.0	6.41345977783e-05	
1039.30541868	124.0	0.000185966491699	
782.54235259	88.0	0.000133037567139	
1841.48315771	187.0	0.000247955322266	
1777.62953757	245.0	0.000468969345093	
494.25418475	61.0	0.000113964080811	
1096.44932504	141.0	0.000220775604248	
2105.69755325	212.0	0.000322103500366	
1515.20025619	149.0	0.000271081924438	
1005.90998978	139.0	0.000205993652344	
2229.56984398	274.0	0.000380039215088	
1295.08503436	165.0	0.00022292137146	
1192.02943074	124.0	0.000182867050171	
1136.19548971	141.0	0.000194072723389	
1265.79939083	131.0	0.00023889541626	
97.4998558241	16.0	3.79085540771e-05	
1129.22099648	106.0	0.000160932540894	
1113.18372209	115.0	0.000174045562744	
701.023640606	88.0	0.000138998031616	
218.841656996	24.0	4.6968460083e-05	
1219.43897981	142.0	0.000199794769287	
1017.71772247	105.0	0.000149011611938	
1156.84914538	160.0	0.000223875045776	
2024.96973039	250.0	0.000323057174683	
881.051318073	97.0	0.000152111053467	
2056.33990245	248.0	0.000439882278442	
1242.58561137	151.0	0.000219821929932	
646.748069743	70.0	0.000107049942017	
794.974201671	95.0	0.000138998031616	
1008.63344271	106.0	0.000151872634888	
215.058308345	16.0	3.81469726562e-05	
1419.80514104	168.0	0.000248908996582	
1491.27174671	160.0	0.00021505355835	
874.496359008	106.0	0.000149965286255	
248.024107953	23.0	5.10215759277e-05	
1347.32187182	142.0	0.000207185745239	
451.675464491	61.0	0.000107049942017	
1227.69183723	158.0	0.000262975692749	
923.240154604	132.0	0.000200033187866	
602.091693546	70.0	0.000110864639282	
890.098341935	104.0	0.0001540184021	
665.390468164	61.0	9.70363616943e-05	
829.852471023	97.0	0.000143051147461	
1314.66389475	133.0	0.000184059143066	
1988.51075501	259.0	0.00034499168396	
1473.37907813	151.0	0.000205039978027	
1188.93433474	124.0	0.000228881835938	
1825.12925723	205.0	0.000279188156128	
825.455968254	74.0	0.000120878219604	
971.688397053	101.0	0.000144958496094	
841.442146349	106.0	0.000148057937622	
829.194551436	115.0	0.000156879425049	
500.673301446	52.0	8.20159912109e-05	
1104.71217806	149.0	0.000192165374756	
1875.43595673	237.0	0.000331878662109	
1246.80143235	151.0	0.000265121459961	
1248.01065239	133.0	0.000256061553955	
628.547088919	78.0	0.000121116638184	
1305.73231884	131.0	0.000186920166016	
