Cost	Requests	Runtime
515.539932831	248.0	0.00239300727844	
905.082631892	862.0	0.00790119171143	
1639.72025654	1308.0	0.0115559101105	
666.268465438	771.0	0.00709509849548	
1389.54981753	1149.0	0.0118749141693	
547.107724138	341.0	0.00317311286926	
928.415096447	821.0	0.00746297836304	
320.163371123	208.0	0.00192213058472	
1148.96486157	1185.0	0.0101668834686	
1055.84869946	694.0	0.0059609413147	
1796.34771791	1299.0	0.0109708309174	
822.282656828	1085.0	0.0101199150085	
687.437964115	580.0	0.00515198707581	
962.976258469	488.0	0.00426292419434	
947.725979393	1212.0	0.0114929676056	
1283.79803209	913.0	0.00866603851318	
816.177694571	922.0	0.00826406478882	
987.1912401	671.0	0.00577807426453	
337.371471655	204.0	0.00181102752686	
1568.82438782	1277.0	0.0108778476715	
913.73278342	679.0	0.00604915618896	
706.00264888	408.0	0.00356698036194	
576.456376178	504.0	0.00456690788269	
1828.38009839	1319.0	0.0113229751587	
564.989093978	364.0	0.00301504135132	
638.689551125	567.0	0.0049090385437	
969.287874063	836.0	0.00835394859314	
662.985788821	474.0	0.00428199768066	
414.429222333	175.0	0.00166583061218	
1576.66809821	1246.0	0.0110278129578	
569.244930291	436.0	0.00380086898804	
696.713520477	453.0	0.00383591651917	
779.668651963	961.0	0.00850319862366	
995.302249562	1279.0	0.0116240978241	
1323.11462369	1061.0	0.00930714607239	
553.192229744	398.0	0.00348901748657	
1207.02633233	813.0	0.00686812400818	
910.969118827	982.0	0.00982308387756	
1527.06595393	1303.0	0.011843919754	
970.954640912	1011.0	0.0101070404053	
1062.11877573	809.0	0.00731110572815	
530.566114188	392.0	0.00359392166138	
456.558885803	236.0	0.00201010704041	
626.788637711	531.0	0.00468492507935	
651.216231757	562.0	0.00544500350952	
1206.40684159	1230.0	0.0117881298065	
797.167509129	652.0	0.0060818195343	
684.527296858	806.0	0.00995302200317	
407.729383414	279.0	0.00271201133728	
608.515364196	496.0	0.00479888916016	
1266.6359872	1011.0	0.0092179775238	
675.689087573	446.0	0.00388598442078	
1287.13820169	978.0	0.00896501541138	
1189.56991942	823.0	0.00734400749207	
694.607733049	433.0	0.00375819206238	
851.171294395	477.0	0.0042929649353	
900.080038516	852.0	0.00750088691711	
81.0246875958	9.0	0.00012993812561	
1544.62201514	1319.0	0.0116059780121	
594.563057125	582.0	0.00582003593445	
1083.39840357	905.0	0.00829887390137	
1297.79408575	1115.0	0.00983905792236	
699.314788688	648.0	0.00556492805481	
1434.18215115	1291.0	0.0117490291595	
765.872927664	501.0	0.00446915626526	
694.838882106	444.0	0.00398015975952	
465.724081889	403.0	0.00368499755859	
650.796693636	682.0	0.00617408752441	
1155.15539572	1067.0	0.00941395759583	
892.790378717	872.0	0.00779509544373	
1434.75168916	1163.0	0.011766910553	
937.200431303	1185.0	0.0119049549103	
1042.98063996	1126.0	0.0103449821472	
778.480707027	996.0	0.00902009010315	
429.381934677	336.0	0.00293707847595	
1079.26493165	1176.0	0.0109560489655	
791.744467689	919.0	0.00821590423584	
696.91216896	759.0	0.00665402412415	
655.6194245	377.0	0.00337696075439	
1435.10223091	1227.0	0.0115578174591	
690.78845524	663.0	0.00611901283264	
745.948163203	921.0	0.00835204124451	
241.92774609	133.0	0.00127196311951	
252.527576149	136.0	0.0013279914856	
492.878137144	453.0	0.00426506996155	
751.930719014	939.0	0.00868678092957	
925.744384078	627.0	0.00570201873779	
697.690951686	623.0	0.0056300163269	
374.728524923	312.0	0.00279712677002	
699.009263017	777.0	0.00685596466064	
732.276019786	903.0	0.00814700126648	
1547.84081595	1250.0	0.0119059085846	
761.1735245	526.0	0.0047869682312	
546.328071233	520.0	0.00467300415039	
1615.53296052	1317.0	0.0115270614624	
936.235383376	633.0	0.00542712211609	
313.838705648	210.0	0.00186800956726	
494.297577918	338.0	0.00300812721252	
368.384884541	235.0	0.00268983840942	
1452.70481077	1252.0	0.0107989311218	
1300.47716023	1160.0	0.0100791454315	
1376.55639704	1259.0	0.0112957954407	
1202.94439853	1046.0	0.0097291469574	
828.397408446	887.0	0.00874495506287	
1459.54135235	1146.0	0.011018037796	
1126.15093714	957.0	0.00853204727173	
1539.46066027	1157.0	0.00997710227966	
1169.90617541	1247.0	0.0113439559937	
1394.23182368	1175.0	0.010351896286	
1199.45329592	908.0	0.00814485549927	
805.069834497	1027.0	0.00987601280212	
1278.36870072	1234.0	0.0109841823578	
1091.05091435	1299.0	0.0119848251343	
599.475328922	695.0	0.00626492500305	
524.068282464	455.0	0.00402307510376	
1041.03103205	1171.0	0.0111980438232	
1148.68451475	1036.0	0.00881886482239	
1115.64836145	885.0	0.00762295722961	
1203.31765241	1027.0	0.00927305221558	
375.265102278	147.0	0.00138902664185	
609.51145646	444.0	0.00414395332336	
918.083469826	755.0	0.00663685798645	
1118.36465761	975.0	0.00864291191101	
1032.7144741	938.0	0.00830698013306	
1052.5350247	701.0	0.00729298591614	
1088.02713431	1053.0	0.0113658905029	
1215.90267384	1271.0	0.0162692070007	
101.633636997	24.0	0.000334978103638	
1506.06887491	1255.0	0.0132429599762	
1153.99319088	1238.0	0.0130350589752	
555.207865378	468.0	0.00627303123474	
1059.26214241	722.0	0.00980615615845	
965.31523281	842.0	0.011501789093	
506.850533455	496.0	0.00604295730591	
659.835941386	523.0	0.00541496276855	
388.423243429	174.0	0.0018482208252	
770.574878711	683.0	0.00734210014343	
399.130056798	214.0	0.00219202041626	
281.729726441	174.0	0.00177907943726	
1393.67275412	1242.0	0.0126619338989	
885.798451672	843.0	0.00816488265991	
433.836007198	347.0	0.00337600708008	
1054.54552344	1145.0	0.0111839771271	
410.707274192	226.0	0.00220990180969	
808.580531039	617.0	0.006028175354	
941.419195226	912.0	0.0093297958374	
808.692613545	563.0	0.00496292114258	
1800.32612172	1292.0	0.0128290653229	
1374.32226678	1112.0	0.0111298561096	
1066.6183474	765.0	0.00733304023743	
1036.07459875	926.0	0.00849199295044	
505.607091194	435.0	0.0041069984436	
797.902837312	739.0	0.00665903091431	
632.917974077	571.0	0.0062370300293	
1453.88873124	1040.0	0.00974798202515	
868.93995073	819.0	0.00789904594421	
1027.50686522	978.0	0.00959801673889	
487.902358249	297.0	0.00275993347168	
1388.61589889	1141.0	0.011253118515	
1371.62764198	1152.0	0.01100897789	
853.269643219	918.0	0.00855398178101	
185.637612082	73.0	0.000998020172119	
1369.84723132	1269.0	0.0119020938873	
912.845867246	752.0	0.00754189491272	
664.164332639	468.0	0.00449800491333	
1010.3418437	984.0	0.0100739002228	
1190.7825079	949.0	0.0123999118805	
970.229301007	863.0	0.00898194313049	
466.014687888	316.0	0.00298690795898	
694.458814618	597.0	0.00596785545349	
330.686708013	173.0	0.00156116485596	
618.041011553	422.0	0.00410103797913	
346.064030312	189.0	0.00179815292358	
78.0326670036	38.0	0.00179195404053	
660.872119396	397.0	0.00398898124695	
991.727644848	941.0	0.00886702537537	
593.917550805	598.0	0.00576686859131	
766.897785965	987.0	0.0089259147644	
998.353352951	978.0	0.00890016555786	
882.62514616	626.0	0.00611281394958	
220.704953426	108.0	0.00114607810974	
1299.57569297	1263.0	0.011234998703	
256.759867563	127.0	0.00114607810974	
517.842415611	398.0	0.00350999832153	
526.71590524	376.0	0.00334310531616	
1324.34255765	1185.0	0.010048866272	
352.693768474	256.0	0.00227308273315	
296.401471668	172.0	0.00152397155762	
399.746806089	283.0	0.00247812271118	
1188.60864314	884.0	0.00774788856506	
1072.28963802	910.0	0.00770306587219	
564.750505758	568.0	0.00500798225403	
1500.59698803	1189.0	0.0112361907959	
1567.57748118	1302.0	0.0121881961823	
965.413370212	811.0	0.00706100463867	
751.64544103	650.0	0.00565004348755	
309.469099404	218.0	0.0019679069519	
1286.36561279	1000.0	0.00853204727173	
652.051771254	659.0	0.00587487220764	
1030.54955944	933.0	0.00876498222351	
286.426652706	140.0	0.00129103660583	
1240.25088005	1099.0	0.0104639530182	
1167.15865545	1214.0	0.0119400024414	
1320.62210014	1261.0	0.0125799179077	
828.195915299	873.0	0.00854110717773	
262.365235559	157.0	0.00149703025818	
802.636515088	913.0	0.00867605209351	
906.158571544	745.0	0.00714898109436	
630.991632158	625.0	0.00584506988525	
263.644109361	106.0	0.00105881690979	
281.885738935	182.0	0.00174117088318	
246.729487951	100.0	0.000956058502197	
990.260386458	676.0	0.00616002082825	
695.501675082	562.0	0.00544404983521	
657.102850815	677.0	0.00660300254822	
1406.58467253	1142.0	0.0111749172211	
1184.72344596	1217.0	0.0125379562378	
619.286029424	675.0	0.00746703147888	
598.383500519	418.0	0.00421690940857	
758.647696427	601.0	0.0068199634552	
1193.71570918	898.0	0.00919198989868	
1172.81471857	1125.0	0.0114648342133	
544.684810406	561.0	0.00584101676941	
1045.8609425	878.0	0.0086829662323	
714.796347324	566.0	0.00546312332153	
843.815554276	360.0	0.00336194038391	
807.561136757	996.0	0.00895714759827	
650.746690036	334.0	0.00297999382019	
1442.674982	1175.0	0.0101549625397	
666.571175636	532.0	0.00451898574829	
1343.46405146	1187.0	0.0103750228882	
693.049941291	867.0	0.00824904441833	
455.973172884	228.0	0.00204682350159	
1141.79891516	866.0	0.00766015052795	
724.850445299	670.0	0.00616502761841	
1363.53244664	1221.0	0.0116670131683	
850.350943451	403.0	0.003662109375	
1246.52281789	1185.0	0.0112729072571	
645.267583223	441.0	0.00428795814514	
214.155253934	100.0	0.00100708007812	
1203.34261921	1225.0	0.0121371746063	
775.390678581	913.0	0.00870513916016	
939.273723944	510.0	0.00464487075806	
561.634501431	506.0	0.00502395629883	
1191.08810428	847.0	0.00805997848511	
1355.56451061	1176.0	0.0117437839508	
1281.46632006	1153.0	0.0109891891479	
1136.7250628	1025.0	0.00953698158264	
1151.65063536	1248.0	0.0113151073456	
1053.24873048	998.0	0.00939106941223	
1509.21727812	1161.0	0.0110399723053	
1163.0710201	1134.0	0.0101709365845	
834.484481305	1042.0	0.00962591171265	
1101.8781234	1048.0	0.0103640556335	
1749.50567663	1307.0	0.0138549804688	
959.72263333	943.0	0.00888705253601	
455.730489845	333.0	0.00296592712402	
727.739556	616.0	0.00608801841736	
815.35677101	1015.0	0.00922799110413	
724.035683837	684.0	0.00600099563599	
301.793491569	201.0	0.00191402435303	
1109.58874735	1111.0	0.0108268260956	
885.872507068	690.0	0.0067150592804	
727.40309891	556.0	0.00538992881775	
1068.43096556	897.0	0.00845003128052	
542.344906475	240.0	0.00208306312561	
863.199065088	466.0	0.00408601760864	
957.288122183	587.0	0.00591611862183	
928.479673724	804.0	0.00812697410583	
1255.43710756	1005.0	0.00932621955872	
1231.87287369	837.0	0.00831890106201	
247.695672495	143.0	0.0013689994812	
1028.0703333	661.0	0.00623297691345	
1174.6596176	1219.0	0.0149481296539	
1109.01217506	825.0	0.00949096679688	
181.067987568	56.0	0.00100517272949	
604.117135605	596.0	0.0058159828186	
444.637686293	349.0	0.0032069683075	
994.133457782	864.0	0.00800108909607	
789.020390334	1010.0	0.00944495201111	
1024.23021253	925.0	0.0082859992981	
1140.55070994	845.0	0.00743913650513	
751.019622098	675.0	0.00591492652893	
1188.90502318	1251.0	0.012405872345	
451.696919982	243.0	0.0023238658905	
526.297953069	541.0	0.00551915168762	
1392.29912857	1128.0	0.0106680393219	
494.285975845	313.0	0.00286293029785	
1164.75125611	1298.0	0.011656999588	
310.363938698	201.0	0.00179004669189	
1274.69634555	946.0	0.00817203521729	
209.359255951	93.0	0.000823020935059	
1303.18745655	1066.0	0.00894713401794	
588.706881413	375.0	0.00322198867798	
656.099535906	669.0	0.00593090057373	
1072.23371773	1040.0	0.0103321075439	
609.180024188	568.0	0.005784034729	
634.048086082	673.0	0.00636601448059	
1468.85012163	1176.0	0.0112900733948	
523.001419471	467.0	0.00441002845764	
1267.38660274	818.0	0.00795221328735	
812.330886775	836.0	0.0076310634613	
917.998318256	1038.0	0.0102388858795	
624.419478855	694.0	0.0073139667511	
1106.20401479	804.0	0.0086350440979	
1041.81099051	1170.0	0.0164978504181	
1007.8644333	992.0	0.0106859207153	
652.545930976	605.0	0.00708389282227	
795.706862527	814.0	0.00834393501282	
347.677908719	245.0	0.00254082679749	
897.754859802	880.0	0.00968503952026	
1313.05170238	1137.0	0.0132768154144	
585.421037327	596.0	0.0079619884491	
916.397410356	799.0	0.010262966156	
337.992641458	191.0	0.00185489654541	
168.026827719	84.0	0.000885009765625	
363.508741478	212.0	0.00198912620544	
1000.07012317	748.0	0.0077760219574	
746.739994795	914.0	0.011482000351	
1296.83103326	1101.0	0.0105440616608	
634.45550174	515.0	0.00487589836121	
914.598149045	555.0	0.0051097869873	
90.1551580747	15.0	0.000162124633789	
670.125061212	702.0	0.00688099861145	
459.697788963	333.0	0.00322318077087	
1711.36556067	1334.0	0.0127820968628	
648.024970219	485.0	0.00466704368591	
1011.27037778	875.0	0.0082528591156	
443.425419115	376.0	0.00379800796509	
489.791306004	383.0	0.00394201278687	
1135.82963189	810.0	0.00800204277039	
1093.97914727	1012.0	0.00945401191711	
1108.51057331	997.0	0.00935101509094	
748.7111682	786.0	0.00815200805664	
641.115819295	532.0	0.00497889518738	
822.872021081	846.0	0.0082859992981	
602.453389438	527.0	0.00486898422241	
1481.45807004	1255.0	0.01202917099	
490.574659387	334.0	0.00320076942444	
428.439526268	381.0	0.00369000434875	
955.984612656	961.0	0.00988006591797	
892.568507428	814.0	0.00769186019897	
610.50895743	427.0	0.00392889976501	
71.4226278698	16.0	0.00019097328186	
414.828744642	324.0	0.00316309928894	
805.84792465	942.0	0.00940084457397	
530.171381428	401.0	0.00415802001953	
448.965644707	361.0	0.00379395484924	
960.137105452	598.0	0.00589799880981	
660.920473428	497.0	0.00466299057007	
1425.53295145	1209.0	0.0121450424194	
1221.61309356	1084.0	0.0126059055328	
662.072319527	492.0	0.00469398498535	
460.467545224	208.0	0.00316405296326	
1353.23412287	1123.0	0.0115358829498	
977.157786599	1091.0	0.010617017746	
775.769631546	729.0	0.00721406936646	
705.484860348	456.0	0.00457406044006	
499.414829244	335.0	0.00387096405029	
919.546049904	498.0	0.00516104698181	
1147.57471306	1147.0	0.0125539302826	
939.214490999	950.0	0.00956082344055	
608.397100546	637.0	0.00657796859741	
340.433151018	126.0	0.00118589401245	
1708.98193967	1316.0	0.0134348869324	
262.891745903	145.0	0.00137686729431	
1228.20736278	1175.0	0.0122349262238	
312.562853573	184.0	0.00191402435303	
336.64861724	229.0	0.00232481956482	
850.625930582	750.0	0.00718283653259	
1156.13285472	831.0	0.00885701179504	
704.318357728	780.0	0.0086030960083	
591.404241748	428.0	0.00415515899658	
566.671290255	448.0	0.00433301925659	
511.966899365	266.0	0.00276803970337	
368.48717024	214.0	0.00198316574097	
421.230028739	334.0	0.00361490249634	
1113.01961265	882.0	0.0127151012421	
663.164048171	611.0	0.00901794433594	
1136.76468629	1166.0	0.0170102119446	
585.468353971	373.0	0.00379586219788	
1355.154756	1110.0	0.0144898891449	
740.792075607	553.0	0.00579500198364	
1216.03927193	1065.0	0.0109000205994	
698.911796736	345.0	0.00362420082092	
1196.12796184	1236.0	0.0129330158234	
892.386386642	743.0	0.00763893127441	
526.09613632	454.0	0.00479292869568	
1275.4043111	1171.0	0.012099981308	
1389.24342209	1135.0	0.011430978775	
415.271513721	162.0	0.00158715248108	
1069.44887494	1300.0	0.0131940841675	
1103.43103167	1141.0	0.0112810134888	
1351.61554038	1022.0	0.00969791412354	
1307.11445684	1261.0	0.0137639045715	
790.3434912	587.0	0.0059871673584	
669.133871068	499.0	0.00481390953064	
1066.63723739	774.0	0.0073549747467	
179.905948648	48.0	0.000504016876221	
1192.46745284	1019.0	0.0104691982269	
659.830023601	635.0	0.0068211555481	
586.433197183	427.0	0.00404000282288	
1231.76435227	982.0	0.00992798805237	
1571.10422785	1291.0	0.012845993042	
862.489196518	494.0	0.0060179233551	
600.608518643	430.0	0.00431299209595	
1100.43743514	1201.0	0.0121638774872	
1295.93784039	1253.0	0.0142080783844	
1219.3051707	1217.0	0.0136518478394	
712.880329094	594.0	0.00572490692139	
1135.00404977	982.0	0.0118780136108	
313.743422497	193.0	0.00193405151367	
225.428321719	111.0	0.00114512443542	
1136.34810931	1285.0	0.0128660202026	
1086.25525388	1027.0	0.00983905792236	
1471.54044881	1081.0	0.0105450153351	
1108.49226364	811.0	0.00830006599426	
158.67653971	65.0	0.000648021697998	
1118.28250517	931.0	0.0106899738312	
467.687729577	346.0	0.00340485572815	
541.187054091	536.0	0.0063009262085	
1805.06346529	1319.0	0.0143880844116	
1236.96348712	1015.0	0.0119800567627	
229.560523461	90.0	0.000883817672729	
581.865343462	312.0	0.00299501419067	
629.331408952	447.0	0.00583505630493	
883.775486292	998.0	0.01047706604	
339.199948193	203.0	0.00194692611694	
1025.26822963	950.0	0.0107510089874	
1275.36220404	1205.0	0.0131149291992	
407.228593589	256.0	0.00244498252869	
1699.66368674	1267.0	0.0130181312561	
219.4120504	102.0	0.00102305412292	
693.898924643	513.0	0.00625610351562	
1542.4359105	1249.0	0.0130610466003	
640.360512517	517.0	0.00487399101257	
1057.72783227	1198.0	0.0131661891937	
1194.93831777	955.0	0.0116171836853	
1345.26842379	1195.0	0.0131409168243	
884.165558347	910.0	0.00866317749023	
423.027431529	170.0	0.00169014930725	
1155.37924913	1090.0	0.0106339454651	
1266.02074867	1042.0	0.00970911979675	
330.618995037	210.0	0.00213098526001	
1456.98577203	1231.0	0.0115931034088	
349.001356143	190.0	0.00179505348206	
1141.84069456	1241.0	0.0121600627899	
1631.07613077	1317.0	0.0153601169586	
666.067677306	537.0	0.00519108772278	
1645.71567117	1321.0	0.0128998756409	
1076.75952875	823.0	0.00823593139648	
853.629005872	952.0	0.00910186767578	
431.334726157	229.0	0.00228905677795	
1102.28159065	1135.0	0.010470867157	
809.386434068	650.0	0.0060338973999	
1038.58241176	1153.0	0.0114569664001	
857.135045654	951.0	0.00905799865723	
1512.26603902	1269.0	0.0124340057373	
1150.77955766	1188.0	0.0124108791351	
1090.79853289	861.0	0.00861406326294	
1180.93367302	980.0	0.0115759372711	
1267.7732276	1015.0	0.0100781917572	
1375.79474657	1223.0	0.0114769935608	
293.063951877	121.0	0.00117707252502	
769.66093726	843.0	0.0128929615021	
950.167966931	610.0	0.0122900009155	
232.695406413	129.0	0.00141000747681	
537.015910702	507.0	0.00606894493103	
1805.69753673	1303.0	0.0137429237366	
1370.83489344	1125.0	0.0117630958557	
1279.90441213	880.0	0.00853395462036	
1164.2805583	1045.0	0.0101809501648	
907.849968508	809.0	0.00857782363892	
1379.93807152	1034.0	0.0105249881744	
1739.68007686	1323.0	0.0131311416626	
576.739642253	265.0	0.00253105163574	
1114.98864171	1120.0	0.0116181373596	
842.195266598	786.0	0.00798201560974	
1096.77575648	1240.0	0.0112578868866	
1045.33448181	983.0	0.0085608959198	
278.314185445	144.0	0.00193905830383	
876.356676441	607.0	0.00592494010925	
498.42918597	281.0	0.00276899337769	
581.364141464	435.0	0.00467705726624	
1345.58536257	1116.0	0.011302947998	
714.14969052	507.0	0.00528502464294	
1342.81257612	1214.0	0.0116450786591	
769.398059358	760.0	0.00725412368774	
1068.7926816	1254.0	0.0122158527374	
875.715991574	1095.0	0.0104999542236	
1632.31397868	1231.0	0.0122139453888	
776.840084404	622.0	0.00609993934631	
1862.82338558	1293.0	0.0120871067047	
1201.21400928	1206.0	0.0117399692535	
552.852598986	460.0	0.00435304641724	
1040.94927254	916.0	0.0089590549469	
211.931119615	111.0	0.000990867614746	
401.301513284	270.0	0.00277805328369	
121.816951998	55.0	0.000608921051025	
959.883317163	988.0	0.0100560188293	
1297.33422611	1174.0	0.0114929676056	
805.59027346	1036.0	0.0102889537811	
1114.3268528	927.0	0.00896382331848	
522.694921395	343.0	0.00365805625916	
1275.00474226	810.0	0.00791883468628	
1318.92622592	1290.0	0.0200018882751	
754.351690416	646.0	0.00628018379211	
1370.01873659	1185.0	0.0116930007935	
273.485077135	136.0	0.00133085250854	
1267.57996658	1051.0	0.0104608535767	
584.674303928	643.0	0.00626707077026	
525.439366924	411.0	0.00394487380981	
779.073287676	487.0	0.00525212287903	
1498.54317144	1243.0	0.0125398635864	
455.433559447	225.0	0.00250387191772	
1355.85220477	1265.0	0.0170140266418	
1194.62661145	1062.0	0.0105080604553	
215.83580067	96.0	0.00142908096313	
634.609539842	480.0	0.00451517105103	
649.298358376	724.0	0.00881195068359	
904.442977971	604.0	0.00601196289062	
569.581194237	523.0	0.00643682479858	
713.492708489	636.0	0.00647711753845	
401.503675757	300.0	0.00403785705566	
190.960369658	81.0	0.000823020935059	
563.131987858	604.0	0.00653100013733	
769.536948841	705.0	0.00680303573608	
931.255988113	679.0	0.0083281993866	
255.386181531	161.0	0.00166487693787	
651.157524203	649.0	0.00811791419983	
956.164321716	853.0	0.00847792625427	
999.872656254	1134.0	0.010990858078	
846.132836184	695.0	0.00724506378174	
784.037136715	747.0	0.00894498825073	
609.559920846	488.0	0.00495505332947	
1011.51395686	945.0	0.0108678340912	
471.101260802	385.0	0.00405597686768	
759.145163855	674.0	0.00675797462463	
655.250197348	313.0	0.00337195396423	
427.608600333	256.0	0.00459003448486	
1858.57666238	1313.0	0.0127229690552	
757.045361511	540.0	0.00552487373352	
796.0010521	505.0	0.00501418113708	
420.383089892	330.0	0.00350403785706	
1357.71168998	1304.0	0.0135161876678	
984.990367616	1182.0	0.0118670463562	
1808.5418154	1309.0	0.0128660202026	
977.479087171	698.0	0.00678086280823	
574.803804108	585.0	0.00599122047424	
334.065217464	140.0	0.00141191482544	
744.66517944	695.0	0.00775814056396	
504.244168514	231.0	0.00221514701843	
397.366812317	253.0	0.00250697135925	
987.934189139	1231.0	0.0128729343414	
518.294980096	478.0	0.00483584403992	
1086.5739393	939.0	0.00934314727783	
388.165305203	265.0	0.00273609161377	
1105.258423	1082.0	0.0127439498901	
1379.8742436	1277.0	0.0144629478455	
466.490722767	249.0	0.00278282165527	
1218.12004494	946.0	0.00994610786438	
1136.26450964	1006.0	0.0106279850006	
1110.65030402	1227.0	0.0130400657654	
654.930108928	635.0	0.00674200057983	
1004.13452398	888.0	0.0103569030762	
1209.39331248	1116.0	0.0125730037689	
538.437080235	505.0	0.00675702095032	
1264.5982696	1090.0	0.0124361515045	
1320.73694611	1257.0	0.0136399269104	
520.652991738	419.0	0.00396585464478	
471.485865342	237.0	0.00293111801147	
765.068470376	497.0	0.00475001335144	
1285.58546766	1176.0	0.0126090049744	
660.146401411	314.0	0.00288510322571	
1177.80746831	1024.0	0.0112640857697	
1053.18136712	1148.0	0.0122449398041	
680.571098969	671.0	0.00624799728394	
539.009078294	512.0	0.00467109680176	
453.339300545	375.0	0.00336503982544	
862.475605805	662.0	0.00604009628296	
1315.34288622	1085.0	0.011981010437	
1062.96330882	942.0	0.008868932724	
793.916315621	729.0	0.00741195678711	
596.088061041	453.0	0.00421786308289	
133.205618016	19.0	0.000216960906982	
1912.44675174	1334.0	0.011794090271	
494.408709653	411.0	0.00368094444275	
833.686769174	819.0	0.00707983970642	
1044.90072513	776.0	0.00680017471313	
1451.49229555	1292.0	0.0112268924713	
1410.00963604	1190.0	0.0121371746063	
716.77400573	766.0	0.00732278823853	
1171.3368572	1003.0	0.00902795791626	
265.085049835	128.0	0.00111794471741	
1175.88024093	1245.0	0.0113198757172	
1597.58956613	1313.0	0.0113701820374	
633.944412373	697.0	0.00607490539551	
299.231499951	176.0	0.001620054245	
499.081356058	399.0	0.00356888771057	
709.424696824	820.0	0.00722289085388	
1063.32323671	1016.0	0.00887489318848	
895.772524125	894.0	0.0101149082184	
823.460817655	548.0	0.00508213043213	
647.178490748	433.0	0.00394296646118	
893.505934355	606.0	0.00600290298462	
1146.64312496	852.0	0.00767087936401	
887.698084023	496.0	0.00425004959106	
392.925619982	316.0	0.00279712677002	
1222.40046594	1163.0	0.0100250244141	
445.868072477	256.0	0.0022668838501	
364.577720966	269.0	0.00237989425659	
1691.88818624	1305.0	0.0112709999084	
1443.91457083	1080.0	0.0093719959259	
726.365997068	547.0	0.00518798828125	
851.028962666	658.0	0.00607085227966	
971.886161362	686.0	0.00643491744995	
1246.09821985	1197.0	0.0135679244995	
1235.39833426	1117.0	0.012934923172	
933.217256198	1042.0	0.00969505310059	
976.494885618	899.0	0.00782489776611	
1284.12468036	735.0	0.00635313987732	
943.909459251	1201.0	0.0125749111176	
1603.67115247	1241.0	0.011265039444	
1407.45002617	1233.0	0.0113790035248	
705.267833008	615.0	0.00546503067017	
478.859997408	351.0	0.00310707092285	
487.089213518	410.0	0.00374794006348	
365.71016148	272.0	0.0023980140686	
1239.74260939	1202.0	0.0104918479919	
524.545373222	357.0	0.00309896469116	
395.867154285	160.0	0.00137305259705	
902.914121243	541.0	0.00469207763672	
818.834258897	1084.0	0.00953507423401	
251.403007833	122.0	0.00115609169006	
392.099675695	329.0	0.00310301780701	
1795.4403605	1296.0	0.0118570327759	
1356.04423286	1269.0	0.0112268924713	
1374.70537365	1079.0	0.009437084198	
451.512154184	288.0	0.00250697135925	
1069.86786171	1004.0	0.00879693031311	
941.333554912	950.0	0.00840210914612	
834.191316424	625.0	0.00539779663086	
1291.90319949	1269.0	0.0109491348267	
1202.82038527	1186.0	0.0114109516144	
718.505230677	522.0	0.00491905212402	
1631.76141466	1230.0	0.0117659568787	
1349.54321594	1223.0	0.0108530521393	
1336.4840753	1284.0	0.0112478733063	
806.298968914	427.0	0.00368785858154	
1048.10129246	819.0	0.00694799423218	
1339.83537964	1254.0	0.0124921798706	
890.746164552	808.0	0.00806283950806	
1437.74666525	1270.0	0.012482881546	
605.520717685	635.0	0.00624918937683	
752.49285958	695.0	0.00677514076233	
384.761099649	296.0	0.00289416313171	
1192.50593148	1041.0	0.011598110199	
651.236893245	665.0	0.00656008720398	
790.538013065	754.0	0.00796103477478	
577.122134679	322.0	0.00415301322937	
832.701504822	946.0	0.00968408584595	
1011.71513623	719.0	0.00719404220581	
624.045015972	520.0	0.00536918640137	
1131.86745157	864.0	0.00957679748535	
831.089666759	467.0	0.0046010017395	
704.138274582	787.0	0.00805521011353	
454.505509811	103.0	0.00114417076111	
878.94353135	714.0	0.00700283050537	
439.013894984	318.0	0.00337409973145	
1036.08191647	1051.0	0.0108740329742	
140.09474559	64.0	0.00074315071106	
671.4375533	677.0	0.00688505172729	
270.82804927	173.0	0.00182104110718	
1836.44196311	1311.0	0.012953042984	
284.720723154	173.0	0.00183391571045	
993.80353534	1133.0	0.0116670131683	
1315.42268607	1306.0	0.013797044754	
82.616146661	27.0	0.000343084335327	
801.460007353	909.0	0.0109379291534	
825.77296381	662.0	0.00773906707764	
617.332870598	232.0	0.00249314308167	
536.807305194	235.0	0.00246000289917	
923.703396687	855.0	0.0094621181488	
1018.44255172	731.0	0.00878500938416	
952.40984184	991.0	0.0116519927979	
69.2893228213	25.0	0.000339031219482	
729.372244373	388.0	0.00414609909058	
797.323827539	629.0	0.00768899917603	
1483.01573651	1303.0	0.0148320198059	
629.3611769	497.0	0.00530982017517	
1656.37408259	1312.0	0.0141310691833	
482.072823249	388.0	0.00446105003357	
1937.93513283	1316.0	0.0150299072266	
1446.71487592	1091.0	0.0123920440674	
1128.82156245	1051.0	0.0114839076996	
799.955048825	1035.0	0.011433839798	
922.91060965	666.0	0.00656509399414	
958.180905321	484.0	0.00501108169556	
796.433308028	873.0	0.00939679145813	
353.230431469	198.0	0.00209212303162	
929.62307799	818.0	0.0094268321991	
120.88873898	33.0	0.000426054000854	
430.823825477	240.0	0.00264000892639	
1208.30224061	1289.0	0.0144679546356	
1104.09985509	942.0	0.0105209350586	
654.894731596	312.0	0.00333714485168	
1098.43694247	776.0	0.00835299491882	
345.607709086	257.0	0.00294613838196	
339.883898619	208.0	0.00225496292114	
1300.37579803	1100.0	0.0122599601746	
1823.036174	1320.0	0.0145180225372	
1792.38164585	1330.0	0.0143849849701	
767.353781126	730.0	0.00770688056946	
936.105923664	710.0	0.00819516181946	
240.088549291	143.0	0.00166487693787	
451.058451787	216.0	0.00236892700195	
406.154063803	244.0	0.00297594070435	
775.013423551	773.0	0.00742197036743	
913.434484337	690.0	0.00814890861511	
1367.7554035	1129.0	0.0129289627075	
924.782757469	913.0	0.0101981163025	
1025.04637114	897.0	0.0103688240051	
966.524109012	946.0	0.0106139183044	
703.463883581	518.0	0.00597786903381	
1481.7899652	1313.0	0.0144619941711	
768.118034948	713.0	0.00755310058594	
830.200557937	684.0	0.00803017616272	
1594.58318999	1313.0	0.014897108078	
96.6831761086	28.0	0.000339031219482	
700.680195274	360.0	0.00371313095093	
1204.55516492	1050.0	0.011589050293	
450.462017461	184.0	0.00213193893433	
683.844823083	582.0	0.00632190704346	
223.115208197	97.0	0.00103998184204	
1100.71368237	955.0	0.0108630657196	
913.508972767	644.0	0.00726509094238	
874.977500619	993.0	0.00955891609192	
1238.34296784	1014.0	0.0110380649567	
714.330810913	730.0	0.00791001319885	
1382.73023832	1037.0	0.0122239589691	
352.958620218	235.0	0.00282502174377	
517.559606742	497.0	0.00529599189758	
461.416019569	374.0	0.0039529800415	
1333.81274713	1300.0	0.0141129493713	
550.718319343	484.0	0.00538086891174	
398.382540893	194.0	0.00201988220215	
1294.92317855	1223.0	0.0137851238251	
396.020531762	279.0	0.00357890129089	
840.282865607	561.0	0.00538301467896	
1314.56786383	958.0	0.0139648914337	
74.8366510951	7.0	0.000163078308105	
920.60251138	751.0	0.00836110115051	
915.089940726	909.0	0.00894999504089	
1172.52603459	801.0	0.00930190086365	
487.0886062	495.0	0.00531101226807	
1293.5927985	1048.0	0.0116209983826	
778.072025103	736.0	0.00900197029114	
469.368342165	349.0	0.00398087501526	
571.156618153	280.0	0.00336718559265	
529.836286372	299.0	0.0035138130188	
1549.1688734	1090.0	0.0125188827515	
671.377818397	708.0	0.00782299041748	
988.342086497	1035.0	0.01114320755	
532.612199594	490.0	0.00577020645142	
1063.80908658	944.0	0.0105810165405	
137.840603572	64.0	0.000705003738403	
575.375171668	441.0	0.00456500053406	
735.720336067	684.0	0.00763201713562	
876.471977087	662.0	0.0072660446167	
718.474025899	571.0	0.00588488578796	
451.484539272	396.0	0.00461506843567	
849.964769087	683.0	0.00712490081787	
1405.97678907	1298.0	0.0145349502563	
1013.73967849	624.0	0.00739693641663	
682.655919332	515.0	0.00542402267456	
122.227302041	21.0	0.000297069549561	
925.432491945	867.0	0.00851893424988	
752.20985769	936.0	0.00926494598389	
1563.53280288	1289.0	0.0144548416138	
451.943272708	365.0	0.00351715087891	
689.61255115	519.0	0.00462794303894	
583.385377307	490.0	0.0043420791626	
392.687603801	279.0	0.00249314308167	
804.489202156	796.0	0.00772190093994	
868.618685289	452.0	0.00408291816711	
1311.51282651	843.0	0.00793313980103	
517.240477371	458.0	0.00426602363586	
659.649806143	580.0	0.00535583496094	
1292.22649734	1063.0	0.00981092453003	
1291.37587128	1302.0	0.013916015625	
563.012294923	510.0	0.00475907325745	
834.331439339	712.0	0.00632309913635	
169.752981407	64.0	0.000614881515503	
488.262260084	219.0	0.00195217132568	
161.38677947	105.0	0.000962972640991	
1226.02501746	986.0	0.0086190700531	
1313.9946865	955.0	0.00815486907959	
676.733440769	748.0	0.00659990310669	
865.490175101	735.0	0.00654792785645	
1055.7339206	690.0	0.00590109825134	
435.501450881	166.0	0.00148701667786	
905.501380168	1058.0	0.0104269981384	
334.394348637	168.0	0.00165486335754	
916.023116239	689.0	0.00743699073792	
1209.99444336	1090.0	0.0209181308746	
519.216858444	512.0	0.00797605514526	
1632.89680999	1226.0	0.0127391815186	
1091.27497155	1020.0	0.0102779865265	
429.883004124	167.0	0.00165104866028	
1026.62285297	786.0	0.00818800926208	
384.58960216	153.0	0.00157499313354	
561.299965862	295.0	0.0028350353241	
1379.69491905	1136.0	0.0113501548767	
1193.15650014	1031.0	0.00994801521301	
825.365276948	1041.0	0.0101997852325	
1019.69007586	1095.0	0.0107939243317	
547.205997956	508.0	0.00527811050415	
640.388594244	683.0	0.00999784469604	
487.533580824	377.0	0.00626087188721	
575.052062974	466.0	0.00696301460266	
667.203493526	670.0	0.0103919506073	
911.053396019	917.0	0.0129671096802	
554.773955949	431.0	0.00474405288696	
550.968408095	160.0	0.00290203094482	
972.828845111	858.0	0.00832891464233	
810.575159713	690.0	0.00762295722961	
841.861825629	1101.0	0.0126180648804	
1274.35120968	1149.0	0.0132260322571	
656.594007675	397.0	0.00376296043396	
281.728433928	159.0	0.00223898887634	
685.135223757	562.0	0.00574588775635	
1175.18134433	1110.0	0.0123288631439	
1329.95495411	1037.0	0.0113849639893	
608.429055121	480.0	0.00464701652527	
227.709462672	126.0	0.00126695632935	
1325.925631	1108.0	0.0108020305634	
847.875752804	803.0	0.00822496414185	
1340.53567628	1145.0	0.0137529373169	
430.173294933	242.0	0.00334215164185	
725.6979076	609.0	0.0086841583252	
598.266182645	413.0	0.0040500164032	
1242.38648242	1008.0	0.0144369602203	
1274.12949715	1148.0	0.0152821540833	
380.854556213	246.0	0.00244212150574	
607.914051149	247.0	0.00236105918884	
725.397704619	467.0	0.00459408760071	
109.60383205	23.0	0.000362873077393	
1079.73507034	950.0	0.00973200798035	
1539.59271839	1290.0	0.0125851631165	
932.850058997	826.0	0.00779294967651	
726.253554741	649.0	0.00628590583801	
590.115739877	532.0	0.0055079460144	
372.290521153	203.0	0.00197386741638	
360.412872143	249.0	0.0024299621582	
1073.73256025	831.0	0.00828504562378	
1063.30482481	874.0	0.00831484794617	
915.597250413	1016.0	0.0103039741516	
1216.87800299	1073.0	0.012167930603	
352.544158956	130.0	0.00153303146362	
47.3609189567	17.0	0.000212907791138	
750.153372681	899.0	0.00904393196106	
1037.54181225	934.0	0.00958490371704	
743.268137035	814.0	0.0082700252533	
652.963050444	614.0	0.00610089302063	
797.325111916	799.0	0.00835108757019	
414.493227564	316.0	0.00301694869995	
1279.41703182	952.0	0.00952482223511	
1017.36938462	744.0	0.00722503662109	
691.941165346	566.0	0.00556612014771	
1379.51967208	1168.0	0.0114810466766	
1059.32864289	1192.0	0.0115690231323	
318.115036775	124.0	0.00119018554688	
1050.35498925	690.0	0.00674200057983	
851.441942065	978.0	0.00937294960022	
1017.30941099	840.0	0.00813007354736	
762.748276752	599.0	0.0057590007782	
170.61133478	89.0	0.000905990600586	
693.824522301	643.0	0.00670695304871	
1229.38942298	969.0	0.0106570720673	
789.961568096	598.0	0.00636386871338	
90.064449134	7.0	0.000113964080811	
332.006559634	197.0	0.0019109249115	
641.633589699	560.0	0.00736308097839	
1480.40127126	1260.0	0.0137181282043	
660.972966913	721.0	0.00702500343323	
390.890029091	255.0	0.00263500213623	
208.743714728	50.0	0.000574111938477	
775.048211226	841.0	0.00995802879333	
367.555912589	265.0	0.00265097618103	
360.285720032	169.0	0.00154900550842	
1219.50088598	973.0	0.0109028816223	
1415.55936138	1292.0	0.0141220092773	
1440.78856244	1297.0	0.0139791965485	
1159.39489552	1109.0	0.0123620033264	
731.150321862	342.0	0.00355505943298	
447.005539218	167.0	0.0016770362854	
1295.87158064	1015.0	0.0108449459076	
856.760003654	792.0	0.00776314735413	
783.756083597	424.0	0.00578498840332	
1209.63196067	1149.0	0.0128090381622	
512.693034516	490.0	0.00482702255249	
1774.24807601	1318.0	0.0144219398499	
572.842946828	419.0	0.00627398490906	
338.183280342	194.0	0.00192904472351	
1497.94383654	1309.0	0.0145227909088	
1259.05033805	1149.0	0.0126800537109	
708.378581258	655.0	0.0078399181366	
1295.37995301	1020.0	0.0103228092194	
553.660528263	306.0	0.00290012359619	
912.392890933	685.0	0.00693106651306	
1094.7022993	1099.0	0.0105791091919	
559.263413417	393.0	0.00442099571228	
498.535529625	347.0	0.00330996513367	
1023.85236554	879.0	0.00969099998474	
670.707929018	528.0	0.00507807731628	
988.502449008	900.0	0.00878691673279	
1793.55342736	1246.0	0.0141499042511	
787.380494028	1038.0	0.012717962265	
679.248350332	689.0	0.008131980896	
1159.59903204	1077.0	0.0112099647522	
886.095177986	734.0	0.00716495513916	
666.322919067	524.0	0.00641989707947	
221.339796456	113.0	0.00114893913269	
1600.67832431	1197.0	0.0108518600464	
569.956489885	517.0	0.00521612167358	
852.101065574	472.0	0.00420999526978	
855.35516581	903.0	0.010598897934	
950.326950195	956.0	0.0101261138916	
1417.8929913	1245.0	0.0121030807495	
335.258123897	94.0	0.000834941864014	
745.19038702	829.0	0.00764107704163	
421.58980667	255.0	0.00228881835938	
839.943466679	960.0	0.00868821144104	
1344.99875937	1277.0	0.0112600326538	
651.884456714	588.0	0.0052649974823	
1209.46371572	1044.0	0.00918984413147	
1615.60430614	1284.0	0.0129909515381	
687.450724964	399.0	0.00384211540222	
800.076809657	495.0	0.00481414794922	
993.262493795	886.0	0.00846004486084	
295.808307555	198.0	0.00184488296509	
207.157554697	125.0	0.00118207931519	
755.83009597	588.0	0.00537586212158	
554.487974231	526.0	0.00493502616882	
1525.24430375	1299.0	0.0136458873749	
1566.7711565	1302.0	0.0127551555634	
453.868118847	298.0	0.00295090675354	
909.621129825	1018.0	0.011892080307	
1567.18194129	1213.0	0.0124661922455	
1323.61364074	942.0	0.00875496864319	
967.078945677	1113.0	0.0100870132446	
1754.54299218	1313.0	0.0116019248962	
1032.96129924	1231.0	0.0108389854431	
1012.92437362	795.0	0.00687909126282	
1002.48334119	946.0	0.00868797302246	
1206.67561319	1041.0	0.010162115097	
97.4998558241	22.0	0.000246047973633	
989.548001465	976.0	0.00884580612183	
1080.26216035	1054.0	0.00957798957825	
627.616805048	572.0	0.00521206855774	
209.753553281	95.0	0.000858068466187	
1149.06730791	1088.0	0.00974321365356	
833.042848864	651.0	0.00570392608643	
982.161005797	891.0	0.00799012184143	
1682.31170108	1325.0	0.0113790035248	
817.802792544	630.0	0.00761103630066	
1637.7704447	1321.0	0.0126321315765	
934.251729998	873.0	0.00789093971252	
487.033914932	475.0	0.00428891181946	
701.006968301	736.0	0.00655007362366	
922.356864729	816.0	0.00721406936646	
187.120872813	68.0	0.000705003738403	
1180.98866814	747.0	0.00671601295471	
1194.35010333	1091.0	0.00950503349304	
812.070765126	922.0	0.00807309150696	
248.024107953	116.0	0.00103497505188	
1038.53509	885.0	0.0105249881744	
404.711626493	251.0	0.0023980140686	
1058.89830854	908.0	0.00859999656677	
859.634941917	1063.0	0.00974416732788	
509.864206582	353.0	0.00327801704407	
775.107570976	534.0	0.00470900535583	
500.331390918	416.0	0.00373601913452	
700.896343878	760.0	0.00688290596008	
1056.16718707	881.0	0.00778007507324	
1714.37486106	1310.0	0.0114068984985	
1039.33097603	1144.0	0.0107619762421	
1042.95159958	863.0	0.00830793380737	
1447.27623374	1245.0	0.0111739635468	
661.684910667	277.0	0.00233912467957	
932.048215815	479.0	0.00424313545227	
757.081351198	618.0	0.00531005859375	
886.204438474	823.0	0.0072021484375	
502.534646896	377.0	0.00328493118286	
1009.68667171	859.0	0.00755906105042	
1534.92831344	1221.0	0.0101339817047	
987.73766016	917.0	0.0105299949646	
1048.66102304	691.0	0.00820279121399	
633.798422775	539.0	0.00501418113708	
1062.78027564	1164.0	0.0107250213623	
