Cost	Requests	Runtime
5395.00825174	572.0	0.00094199180603	
903.44324497	97.0	0.000184059143066	
6329.65885448	700.0	0.00114011764526	
2786.36038141	311.0	0.00053596496582	
1951.83991559	196.0	0.000357866287231	
1942.65971662	231.0	0.000398874282837	
4831.66500497	579.0	0.000977039337158	
685.667369259	52.0	0.000119924545288	
5689.01106905	592.0	0.000988006591797	
2306.10391462	232.0	0.000414133071899	
8417.78484925	925.0	0.00160598754883	
2095.9923615	223.0	0.000399112701416	
2272.1260816	284.0	0.000630855560303	
10170.0217248	1173.0	0.00192904472351	
7089.55560464	734.0	0.00128102302551	
2026.73547896	241.0	0.000426054000854	
2301.06464003	241.0	0.000463008880615	
5507.89623708	646.0	0.0011191368103	
2029.7209356	196.0	0.000336885452271	
3298.47257528	348.0	0.000611066818237	
2617.47618038	275.0	0.000473022460938	
6599.14812767	700.0	0.00122308731079	
9096.87650207	1177.0	0.00205206871033	
979.543274631	106.0	0.000194072723389	
2710.82242054	294.0	0.000501871109009	
5561.47804909	652.0	0.00113797187805	
8616.66972072	1002.0	0.00165510177612	
9983.54569347	1275.0	0.00209307670593	
6329.52429372	751.0	0.00120711326599	
6067.25129211	691.0	0.00114393234253	
931.376140812	97.0	0.000202894210815	
9878.98141831	1168.0	0.00189208984375	
8290.41030856	835.0	0.00146985054016	
3778.98909814	402.0	0.000699043273926	
2004.55470964	241.0	0.000430822372437	
1092.18269697	131.0	0.000236988067627	
4797.68846497	528.0	0.000879049301147	
5682.75604182	592.0	0.000930070877075	
7649.29697923	876.0	0.00144195556641	
5653.59134788	700.0	0.00112009048462	
9043.08849952	1042.0	0.00164484977722	
4311.80649398	448.0	0.000808954238892	
6213.06621331	763.0	0.00135493278503	
8709.93334403	1053.0	0.00163292884827	
4329.643006	493.0	0.000854015350342	
4439.50315042	527.0	0.000895023345947	
2571.12843411	258.0	0.000482082366943	
4636.1759955	511.0	0.000849962234497	
8652.38299364	961.0	0.00215220451355	
1185.07934122	151.0	0.000262975692749	
4404.42136173	527.0	0.00085186958313	
3005.18447353	348.0	0.00093412399292	
5272.37477744	634.0	0.001060962677	
1047.49363643	133.0	0.000257968902588	
7714.28222146	790.0	0.00140380859375	
5299.05928224	635.0	0.00103807449341	
5505.58668897	610.0	0.00103688240051	
7219.37438589	842.0	0.00136494636536	
1984.48977662	223.0	0.000421047210693	
4256.1486796	482.0	0.000861883163452	
5697.27573116	772.0	0.00135707855225	
1592.31524508	160.0	0.00029993057251	
3958.31447319	421.0	0.000708103179932	
5613.76315603	654.0	0.00118708610535	
8177.64662423	940.0	0.00155091285706	
922.831809691	88.0	0.000174045562744	
6153.08421851	754.0	0.00126314163208	
1929.57164432	241.0	0.000411987304688	
7454.89735895	771.0	0.00126791000366	
6416.91958242	754.0	0.00132489204407	
10546.3183643	1232.0	0.00190305709839	
6839.60853865	736.0	0.00120997428894	
4905.57011466	592.0	0.000998973846436	
6889.52662789	772.0	0.00131487846375	
5128.77923505	556.0	0.000944137573242	
5154.55737591	628.0	0.00102782249451	
5771.73595152	689.0	0.00122690200806	
6459.48359204	691.0	0.00121998786926	
5034.36489119	564.0	0.000923156738281	
5653.97858834	673.0	0.00187706947327	
7272.453648	778.0	0.0012800693512	
5622.79393539	601.0	0.00101709365845	
4206.48592553	439.0	0.000738143920898	
5386.75537488	565.0	0.000977039337158	
5066.53926728	564.0	0.000962018966675	
7387.22072649	871.0	0.00142502784729	
8044.92271254	932.0	0.00156903266907	
3825.98483748	419.0	0.00070595741272	
4362.77071509	483.0	0.000838041305542	
2645.7732459	268.0	0.000460147857666	
7666.30984058	862.0	0.00137805938721	
1580.14442575	151.0	0.000283002853394	
10536.6854963	1243.0	0.00199604034424	
8485.80341825	1036.0	0.00167798995972	
7444.35213791	799.0	0.00129914283752	
7598.01192934	826.0	0.00138306617737	
4901.02173552	583.0	0.00103497505188	
7524.4261912	888.0	0.00153303146362	
4093.37110362	448.0	0.000823974609375	
7599.21409036	841.0	0.00135493278503	
9536.74524815	1038.0	0.00176501274109	
4028.33150172	446.0	0.00075101852417	
11688.9083761	1421.0	0.00233602523804	
8556.84623523	961.0	0.00164699554443	
4827.26273532	569.0	0.000931024551392	
4526.83380974	520.0	0.000901937484741	
1685.62387048	196.0	0.000349998474121	
4917.79307022	529.0	0.000869989395142	
3443.12711538	420.0	0.000717163085938	
4531.39313661	538.0	0.000919103622437	
4336.8753397	484.0	0.000808954238892	
11710.9803317	1436.0	0.00238800048828	
8025.33565267	958.0	0.00166201591492	
4002.29985119	439.0	0.00073504447937	
9781.70414107	1192.0	0.0022599697113	
5083.03164125	555.0	0.000962972640991	
3797.86233147	437.0	0.000731945037842	
6490.77140985	745.0	0.00121688842773	
5568.79689393	723.0	0.00117707252502	
8795.24571231	1018.0	0.00165104866028	
5742.75878905	637.0	0.00108098983765	
2801.37391841	338.0	0.00057315826416	
6424.98245177	758.0	0.00125312805176	
9393.28698959	1123.0	0.00201797485352	
4479.71415054	482.0	0.000817060470581	
7739.37416154	934.0	0.00158214569092	
686.855572465	79.0	0.000151872634888	
2605.91806508	294.0	0.000488996505737	
6668.17858449	822.0	0.00138902664185	
5037.19860535	520.0	0.00088906288147	
10035.212487	1131.0	0.00189518928528	
7963.49969505	816.0	0.0013120174408	
7263.77088271	952.0	0.00162482261658	
5714.41728582	673.0	0.00135207176208	
4409.96308524	492.0	0.000818967819214	
7065.31100587	808.0	0.00140810012817	
9602.63206951	1060.0	0.00174713134766	
5089.6687175	633.0	0.00100111961365	
5862.78288737	655.0	0.00145292282104	
8818.36540624	1123.0	0.00188684463501	
2411.47835226	259.0	0.000448942184448	
2460.55145872	295.0	0.000554084777832	
6368.14923958	707.0	0.00116515159607	
1573.85552784	169.0	0.000303983688354	
5365.15015332	572.0	0.00125098228455	
744.908999974	87.0	0.000172853469849	
838.934570869	96.0	0.000195980072021	
3958.72824531	421.0	0.001051902771	
2852.96024555	303.0	0.000504970550537	
7138.27081009	822.0	0.00136423110962	
8233.79521142	898.0	0.00141191482544	
8647.90738318	1031.0	0.00168204307556	
1488.19361373	169.0	0.000332832336426	
11016.8591412	1382.0	0.00228190422058	
3015.99497111	349.0	0.000655889511108	
5653.4080441	724.0	0.00119280815125	
2968.4323573	313.0	0.000529050827026	
8262.33626865	913.0	0.00148415565491	
5092.86804954	564.0	0.000929117202759	
6855.66257781	699.0	0.00112390518188	
6721.83961983	673.0	0.00116515159607	
4921.99715446	547.0	0.00092887878418	
2986.62029784	356.0	0.000660181045532	
6384.19596862	751.0	0.00128197669983	
4922.88568731	590.0	0.00096607208252	
1997.36818053	241.0	0.000415086746216	
1508.8958224	185.0	0.000334978103638	
6183.86058344	655.0	0.00113487243652	
1741.29263865	214.0	0.000377893447876	
4829.39553171	646.0	0.00107598304749	
3367.89901323	385.0	0.000637054443359	
3163.26988093	357.0	0.000633955001831	
3758.91777109	437.0	0.000720024108887	
9902.33171255	1112.0	0.00190997123718	
3752.22253094	444.0	0.000736951828003	
6007.85879532	646.0	0.00104808807373	
6270.94844181	664.0	0.00134611129761	
5492.01739714	590.0	0.000969886779785	
4880.33797952	547.0	0.000895023345947	
10594.2758813	1301.0	0.00232887268066	
3199.18512274	366.0	0.000599145889282	
2689.6745699	345.0	0.000627040863037	
2238.54165626	266.0	0.000483989715576	
6172.44856187	718.0	0.0011899471283	
2298.61145631	276.0	0.00047492980957	
2490.31278113	285.0	0.000533103942871	
2837.06030873	294.0	0.000491857528687	
8519.04136872	920.0	0.00162100791931	
7542.03461859	912.0	0.00146102905273	
13002.9324594	1617.0	0.00259685516357	
6246.48552724	804.0	0.00139498710632	
4613.96229036	511.0	0.00083589553833	
2543.14354562	258.0	0.00045108795166	
4301.86112124	484.0	0.000807046890259	
5247.24655615	625.0	0.00102400779724	
2883.6777375	322.0	0.000566005706787	
10015.290256	1096.0	0.00180411338806	
5885.08475029	709.0	0.00125098228455	
3666.43735476	403.0	0.000673055648804	
6717.55537886	823.0	0.00140905380249	
6680.35119775	798.0	0.00130987167358	
1801.1921878	237.0	0.000396966934204	
7441.42404352	850.0	0.00150585174561	
1133.95625238	123.0	0.000263929367065	
4597.51894615	529.0	0.00111413002014	
2501.55518343	250.0	0.000447034835815	
5275.74954684	565.0	0.00097918510437	
2290.34125259	275.0	0.000466108322144	
10707.0131979	1261.0	0.00215315818787	
6479.24617674	700.0	0.00117707252502	
5142.34964308	574.0	0.000949859619141	
6898.03969071	841.0	0.00147104263306	
6839.73911289	781.0	0.001305103302	
7572.06919174	895.0	0.00149512290955	
3683.54277432	473.0	0.000853061676025	
5847.8073611	618.0	0.00102305412292	
8385.12661146	1028.0	0.00175905227661	
2729.90217834	285.0	0.000476837158203	
7963.28281069	941.0	0.00151515007019	
9026.51565826	1003.0	0.00170993804932	
7739.35621187	843.0	0.0014328956604	
5826.65369951	608.0	0.000993013381958	
6397.14819255	752.0	0.00120401382446	
2761.77853055	285.0	0.000533103942871	
5896.58672834	609.0	0.000971078872681	
4080.5347338	430.0	0.000726938247681	
745.053250336	79.0	0.000155925750732	
1550.89966238	160.0	0.000283002853394	
1664.66082903	187.0	0.000331878662109	
3837.74325181	412.0	0.000679016113281	
7480.76137327	772.0	0.00123691558838	
6204.70953628	763.0	0.00123000144958	
3843.14300122	475.0	0.000769138336182	
8179.09066929	1014.0	0.00184297561646	
1983.39381001	222.0	0.00042986869812	
7536.01443627	837.0	0.00142097473145	
3928.73048274	403.0	0.000787019729614	
5843.7770751	653.0	0.00103402137756	
2719.0591104	304.0	0.000523090362549	
2980.72798037	340.0	0.000571966171265	
3558.6891232	410.0	0.000659942626953	
5793.68662557	610.0	0.000999927520752	
10042.4383939	1189.0	0.0019428730011	
3327.69688802	393.0	0.00063681602478	
5961.85752515	706.0	0.00186610221863	
3887.45904536	457.0	0.000732898712158	
7911.16047429	968.0	0.00152921676636	
3125.77023619	347.0	0.000617027282715	
7850.57932571	880.0	0.00140690803528	
7569.32572881	876.0	0.00141000747681	
1879.01589625	196.0	0.000342845916748	
2775.98725656	295.0	0.000483989715576	
5320.93558741	646.0	0.00150609016418	
4031.6031205	430.0	0.00074291229248	
11470.5022903	1443.0	0.00230193138123	
841.58271297	105.0	0.000227212905884	
8221.10190698	979.0	0.00160503387451	
6010.51423513	671.0	0.00126814842224	
3315.89606171	439.0	0.000811815261841	
3321.00397533	357.0	0.000611066818237	
3294.77351654	443.0	0.000710010528564	
7371.91945876	844.0	0.00139498710632	
1623.80247925	205.0	0.000398874282837	
6044.9070097	601.0	0.00107002258301	
7959.95787996	964.0	0.00165200233459	
2048.70360403	247.0	0.00043511390686	
3393.16303008	447.0	0.000818014144897	
6397.36709513	727.0	0.00127601623535	
7019.93580403	761.0	0.00132179260254	
4222.72241847	538.0	0.000994920730591	
7244.65424997	790.0	0.00135207176208	
2681.33215628	313.0	0.000558853149414	
9899.5146591	1141.0	0.002032995224	
7120.95196399	754.0	0.00133109092712	
7292.87977223	763.0	0.00140690803528	
4501.95484347	486.0	0.000861883163452	
8029.36665394	879.0	0.00154900550842	
5922.81563727	654.0	0.00123381614685	
6415.70855934	834.0	0.00144290924072	
4475.2080252	547.0	0.000895023345947	
5214.47046802	624.0	0.00105714797974	
6297.08707503	762.0	0.00129199028015	
2475.85284438	285.0	0.000499963760376	
4596.95134215	556.0	0.000991106033325	
3365.07100681	349.0	0.000588893890381	
3282.73120532	340.0	0.000566959381104	
755.272767007	79.0	0.000162839889526	
2962.91415433	349.0	0.000655889511108	
10170.1682057	1186.0	0.0021870136261	
11749.6957458	1426.0	0.00238108634949	
4398.22661931	493.0	0.00084400177002	
8692.23345136	1006.0	0.00167393684387	
2904.87860498	331.0	0.00056791305542	
5738.97230972	646.0	0.00113201141357	
7779.55821702	816.0	0.00139999389648	
6157.407529	731.0	0.00120401382446	
2728.61070624	295.0	0.000506162643433	
6318.9297249	745.0	0.00125598907471	
4799.34863347	572.0	0.000986099243164	
3496.32355368	421.0	0.000729084014893	
11040.7736799	1296.0	0.0021059513092	
2261.37720024	277.0	0.00049090385437	
5745.33648823	600.0	0.00103998184204	
7400.18762753	799.0	0.00129985809326	
6572.07998883	853.0	0.00140404701233	
3565.79714646	428.0	0.000703096389771	
5891.28354521	754.0	0.00135588645935	
7461.24377363	840.0	0.00138711929321	
5282.91479122	649.0	0.00109696388245	
2985.36870515	349.0	0.000584840774536	
7578.12109064	923.0	0.00155210494995	
2358.70144313	276.0	0.000519037246704	
11069.3501917	1321.0	0.00238800048828	
3465.49779358	340.0	0.000617980957031	
3127.26958222	349.0	0.000611066818237	
1874.99209628	214.0	0.000394821166992	
5259.10809348	619.0	0.00104093551636	
8132.69695253	817.0	0.00135588645935	
2819.557507	304.0	0.000509977340698	
5253.05982496	633.0	0.00105309486389	
7572.14134894	799.0	0.00132203102112	
5634.26839357	591.0	0.00104999542236	
4273.00828223	439.0	0.000757932662964	
7983.93537969	1015.0	0.00215101242065	
5673.70988053	661.0	0.00111198425293	
4714.10157544	619.0	0.00104403495789	
8672.2475069	985.0	0.00169992446899	
4815.71056274	511.0	0.000874996185303	
5170.97118579	583.0	0.000984907150269	
7776.85543454	896.0	0.00148820877075	
2928.11274586	322.0	0.000554800033569	
4651.93949789	574.0	0.00094199180603	
4208.51716749	466.0	0.000831127166748	
2553.61649821	277.0	0.000504016876221	
3910.8423788	475.0	0.000792980194092	
5942.10202429	707.0	0.00116014480591	
5565.3575257	644.0	0.00116395950317	
5716.10096236	659.0	0.00110101699829	
658.030187251	70.0	0.000143051147461	
3222.03985308	376.0	0.00064492225647	
4458.67483283	520.0	0.00090503692627	
4084.53785524	475.0	0.000809907913208	
4981.30817238	565.0	0.00094199180603	
7521.97996601	886.0	0.00148987770081	
6849.97845941	824.0	0.00134992599487	
11227.4638111	1267.0	0.00258803367615	
3916.42449866	419.0	0.00074291229248	
8071.11814174	907.0	0.00149083137512	
3066.03665117	349.0	0.000580787658691	
2515.02245111	321.0	0.000535011291504	
4133.96063016	511.0	0.000884056091309	
5761.3370739	619.0	0.00108695030212	
4852.68743394	538.0	0.00101900100708	
6217.18075743	752.0	0.00127291679382	
1056.14245429	114.0	0.000218868255615	
2261.33427307	267.0	0.00045108795166	
2885.82216782	295.0	0.000550031661987	
5644.09284611	682.0	0.00115609169006	
4607.03721209	555.0	0.000988960266113	
5536.30883077	565.0	0.000949144363403	
7517.16025289	907.0	0.00162291526794	
6151.02318036	799.0	0.00139117240906	
4810.00095087	547.0	0.000946998596191	
5194.03781519	573.0	0.00102496147156	
8353.05658901	982.0	0.00160503387451	
5054.83928732	616.0	0.00100803375244	
2971.23682356	339.0	0.000572919845581	
4060.36977942	403.0	0.000761985778809	
6722.52314044	718.0	0.00127696990967	
1514.18802273	160.0	0.000302076339722	
9718.0923702	1303.0	0.00214600563049	
8870.49544896	970.0	0.0017409324646	
3185.02475908	348.0	0.000609159469604	
5426.82379397	562.0	0.000991821289062	
5416.58341364	645.0	0.00107908248901	
7976.08105699	889.0	0.0014591217041	
1035.18178407	105.0	0.000205993652344	
6791.43006669	761.0	0.00126695632935	
5269.94525488	676.0	0.00122284889221	
3933.53629587	474.0	0.000823020935059	
2427.33244586	304.0	0.00053596496582	
3803.80842716	385.0	0.000643014907837	
10768.5056536	1258.0	0.0021710395813	
7480.60210514	772.0	0.00129890441895	
3538.3983044	367.0	0.000619888305664	
3132.53750204	383.0	0.000646114349365	
11247.7338281	1395.0	0.00227785110474	
5457.78562666	644.0	0.00111889839172	
5463.5964633	655.0	0.00108003616333	
5982.83532773	698.0	0.00114989280701	
4859.59124367	610.0	0.00101184844971	
3916.08520769	464.0	0.000798940658569	
3684.49917648	403.0	0.000716924667358	
2405.1032105	250.0	0.000428915023804	
413.241251183	70.0	0.000147104263306	
2228.31154763	232.0	0.000443935394287	
4672.38278305	511.0	0.000839948654175	
4612.51705673	556.0	0.0012469291687	
7599.3883496	842.0	0.00139188766479	
4764.34105905	564.0	0.000957012176514	
7638.3772546	853.0	0.0014431476593	
3625.61820126	451.0	0.000784873962402	
8065.03597324	961.0	0.00217390060425	
7343.79984799	898.0	0.00150799751282	
2087.12394403	214.0	0.00043797492981	
6463.86154825	852.0	0.00143098831177	
6593.83398919	779.0	0.00130796432495	
6825.14744998	778.0	0.00129699707031	
7423.42838825	820.0	0.00140690803528	
5978.2881814	671.0	0.00126385688782	
5223.97559655	597.0	0.000984907150269	
4704.56418398	569.0	0.000901937484741	
9473.53374339	1177.0	0.00192189216614	
6261.20950231	700.0	0.00118494033813	
6503.13050217	781.0	0.00131797790527	
1194.21912415	159.0	0.00028395652771	
7996.6758152	833.0	0.00143885612488	
4124.48305166	519.0	0.000887870788574	
9564.91148722	1189.0	0.00206995010376	
2207.12387457	223.0	0.000388860702515	
6257.47941649	682.0	0.00112009048462	
1169.10558425	115.0	0.000232934951782	
2934.26193333	286.0	0.000507116317749	
1681.83025348	187.0	0.000342130661011	
3757.84322174	421.0	0.000686883926392	
6363.07570604	751.0	0.00121712684631	
6994.38474556	790.0	0.00143003463745	
10495.4398952	1279.0	0.00209188461304	
2807.86589652	322.0	0.000592947006226	
4224.13581304	475.0	0.000777006149292	
9292.46784064	1032.0	0.00160503387451	
3768.12531069	455.0	0.000785827636719	
1733.97448945	195.0	0.000342130661011	
5128.40068529	546.0	0.00148916244507	
7304.72410994	898.0	0.00182795524597	
4427.40373828	493.0	0.000802040100098	
9224.58330353	1189.0	0.0019268989563	
5263.28787864	644.0	0.00105786323547	
516.867210504	52.0	0.000113010406494	
11493.7347275	1365.0	0.00242185592651	
4979.19381612	628.0	0.0010199546814	
7647.36300781	851.0	0.00140881538391	
3103.67445303	401.0	0.000706911087036	
9617.66317309	1060.0	0.00180292129517	
3316.43269387	349.0	0.000582933425903	
2701.85004411	303.0	0.00051212310791	
8672.73353828	1012.0	0.00162196159363	
2788.40987535	277.0	0.000532865524292	
1991.20305167	266.0	0.000524997711182	
8410.10568078	956.0	0.00163006782532	
1425.76253465	151.0	0.000271081924438	
3347.50704521	349.0	0.000566005706787	
3633.94953794	366.0	0.000669956207275	
8136.24878522	970.0	0.00153183937073	
8707.37449419	1051.0	0.00256705284119	
8048.11775632	988.0	0.00167489051819	
1606.20149814	169.0	0.000298023223877	
4823.55613114	538.0	0.00105500221252	
11086.3726884	1240.0	0.00196504592896	
5649.4951335	637.0	0.00106883049011	
5138.57858473	573.0	0.000931024551392	
8441.33813363	1078.0	0.00177001953125	
1962.18800189	222.0	0.00037693977356	
7962.02529135	896.0	0.00144004821777	
2652.18236228	331.0	0.000585079193115	
5707.9962173	687.0	0.00194811820984	
4347.47075917	474.0	0.00165987014771	
2760.60355813	321.0	0.000529050827026	
8474.47058501	1104.0	0.00178408622742	
6364.37129502	790.0	0.00129795074463	
3476.00836466	373.0	0.000616073608398	
3649.46708845	421.0	0.000720977783203	
7953.99275687	923.0	0.00159096717834	
5239.78457428	556.0	0.000915050506592	
1674.39023364	196.0	0.000345945358276	
8428.52139023	1020.0	0.00181198120117	
6471.31186123	745.0	0.00122404098511	
5622.82135003	556.0	0.000869989395142	
10131.1368502	1138.0	0.00191402435303	
3924.43792766	430.0	0.000746011734009	
5153.00654996	599.0	0.000965118408203	
3975.15095521	465.0	0.00082802772522	
4885.0146265	538.0	0.000868797302246	
7712.16489497	835.0	0.00135087966919	
725.600642209	69.0	0.000142097473145	
7324.10912384	826.0	0.00141382217407	
5827.04166744	572.0	0.000972986221313	
7529.80021248	835.0	0.00139808654785	
11275.7936789	1418.0	0.00223183631897	
12805.1571019	1633.0	0.0025999546051	
8615.96598665	969.0	0.0015389919281	
4252.69725677	473.0	0.000761032104492	
2885.00111663	329.0	0.000549077987671	
8087.64507204	979.0	0.00156998634338	
4522.33318944	519.0	0.000849962234497	
3771.80257506	439.0	0.000735998153687	
5419.63530905	600.0	0.000984907150269	
6672.59063292	793.0	0.00141000747681	
4382.98735335	466.0	0.000741004943848	
4294.57257574	502.0	0.000834941864014	
3842.69966499	488.0	0.00078821182251	
4133.74639981	439.0	0.000806093215942	
3906.32402502	403.0	0.00065803527832	
7627.16244412	934.0	0.00153112411499	
6026.25777172	706.0	0.0011899471283	
5250.66904303	609.0	0.000979900360107	
4680.53412411	538.0	0.00085186958313	
4339.838061	493.0	0.000820875167847	
3299.79864321	329.0	0.00056004524231	
7636.48290227	817.0	0.00131392478943	
6579.65638918	691.0	0.00109100341797	
5114.82101703	565.0	0.000895023345947	
3055.96677592	358.0	0.000600099563599	
4005.11592943	457.0	0.000749111175537	
10124.4036001	1285.0	0.00217914581299	
2199.42737332	231.0	0.000389099121094	
9379.36912326	1038.0	0.00167798995972	
5793.68076977	727.0	0.00116300582886	
3726.19767992	412.0	0.000688076019287	
7832.55886211	940.0	0.00148677825928	
11505.7102431	1332.0	0.00210809707642	
10636.6180851	1225.0	0.00218105316162	
7379.56081569	807.0	0.00127696990967	
8484.62422088	1090.0	0.00178909301758	
3746.7430811	411.0	0.000762939453125	
3149.63108272	374.0	0.000612020492554	
5889.49769668	645.0	0.00105285644531	
9745.47159474	1114.0	0.0017409324646	
1882.62983809	205.0	0.000380039215088	
4206.54285314	517.0	0.000833988189697	
1530.01244771	187.0	0.000345945358276	
3946.68311955	457.0	0.000751972198486	
6300.37355279	691.0	0.00108408927917	
1947.06602882	241.0	0.000413179397583	
3247.13163618	331.0	0.000931024551392	
8032.63630719	967.0	0.00156307220459	
10954.1077275	1249.0	0.00224113464355	
10924.478609	1294.0	0.00209712982178	
6153.05607613	733.0	0.00178384780884	
1611.20367022	168.0	0.00029993057251	
4268.11344621	500.0	0.000813007354736	
7508.4879956	886.0	0.0014488697052	
1871.73178103	214.0	0.000369071960449	
6433.01174928	756.0	0.00119996070862	
9149.75818338	1028.0	0.00161600112915	
9032.13001671	951.0	0.00148105621338	
6622.7764031	799.0	0.00129818916321	
1562.33469945	195.0	0.000330924987793	
10177.4184832	1222.0	0.00213599205017	
10467.8998506	1239.0	0.00199413299561	
3666.33241656	466.0	0.000770092010498	
3499.67302492	421.0	0.000714063644409	
9890.25710929	1172.0	0.00182509422302	
4475.20464097	529.0	0.000853061676025	
10111.3100384	1186.0	0.00232195854187	
7473.49911319	789.0	0.00130414962769	
1028.81953972	115.0	0.000221967697144	
6710.57845064	726.0	0.00141096115112	
7683.52328586	969.0	0.00157403945923	
4320.4389333	474.0	0.000800132751465	
6165.51963526	697.0	0.00114583969116	
4205.44303117	509.0	0.000848054885864	
1660.87503752	178.0	0.000483989715576	
7633.80193345	878.0	0.00227189064026	
6781.60599189	758.0	0.00123310089111	
9119.51965263	1104.0	0.00175905227661	
4027.06341325	446.0	0.000790119171143	
4898.08903274	528.0	0.000869035720825	
3374.03040478	367.0	0.00060510635376	
7297.37338297	880.0	0.00145816802979	
5686.88159285	646.0	0.00108695030212	
4585.50922996	491.0	0.00080680847168	
5335.2807622	574.0	0.00095796585083	
5593.00014861	664.0	0.00112390518188	
6510.00641974	699.0	0.00114798545837	
7773.83440976	979.0	0.00176310539246	
10656.4535534	1157.0	0.00193810462952	
3755.55175476	428.0	0.000704050064087	
8996.52911081	1024.0	0.00162792205811	
4869.23228713	554.0	0.00091290473938	
2197.11884552	231.0	0.000415086746216	
8917.04130173	1141.0	0.0019748210907	
9782.22416938	1051.0	0.00235104560852	
5913.12038601	646.0	0.00105905532837	
2558.59568106	295.0	0.000526905059814	
2437.76816614	241.0	0.000418901443481	
6956.75033821	817.0	0.00144910812378	
5269.88245937	555.0	0.000955104827881	
4898.58930817	601.0	0.00102686882019	
11881.7571318	1465.0	0.0025007724762	
4348.30746562	466.0	0.000792980194092	
5606.3604612	592.0	0.00121092796326	
2532.45362531	286.0	0.000487089157104	
6796.4497697	744.0	0.00122308731079	
5055.0476066	610.0	0.00097918510437	
7213.33547961	934.0	0.00149202346802	
4597.8981359	511.0	0.000908851623535	
3616.1976343	430.0	0.000747919082642	
3313.22490129	367.0	0.000629901885986	
9365.22594572	1038.0	0.00168204307556	
6087.32209613	681.0	0.00106906890869	
3909.74833575	412.0	0.000671148300171	
8382.61892231	1062.0	0.00169396400452	
6201.88204427	691.0	0.00107502937317	
4533.22400449	572.0	0.000942945480347	
5725.72542099	626.0	0.000994920730591	
7370.20707593	884.0	0.00139093399048	
5837.76195555	673.0	0.00105690956116	
4077.8404821	516.0	0.000892162322998	
8776.63271999	952.0	0.00150609016418	
2266.17372283	259.0	0.000429153442383	
3926.70578334	452.0	0.000774145126343	
2416.05154237	232.0	0.000406980514526	
6887.25581686	808.0	0.00139808654785	
2933.28354215	349.0	0.000586032867432	
2908.46794695	340.0	0.000599145889282	
7932.34773942	862.0	0.00144100189209	
3379.89931978	349.0	0.000624895095825	
7673.017886	922.0	0.00172805786133	
1452.05503269	187.0	0.000343084335327	
1244.71017296	167.0	0.000294923782349	
5410.32061293	574.0	0.0010130405426	
9442.92327611	1063.0	0.00168681144714	
3153.44214779	331.0	0.000542879104614	
11040.3453851	1251.0	0.00203013420105	
4311.05003421	508.0	0.00113296508789	
7579.38118569	870.0	0.00152707099915	
9002.71228815	1141.0	0.00255107879639	
8179.05237906	835.0	0.00141787528992	
9722.35467844	1119.0	0.00176692008972	
9574.97458352	1141.0	0.00178098678589	
7820.29839169	943.0	0.00157403945923	
5137.02353648	564.0	0.000996112823486	
10843.4895872	1213.0	0.00194096565247	
3025.25255052	331.0	0.000582933425903	
3459.19421328	410.0	0.000664949417114	
4642.10331064	537.0	0.000941038131714	
371.841628674	34.0	8.51154327393e-05	
6556.18238711	727.0	0.00113105773926	
6671.71589366	821.0	0.00128698348999	
4461.4264179	500.0	0.00081205368042	
4152.0771806	538.0	0.00093412399292	
3841.80552571	411.0	0.000680923461914	
6453.21087027	796.0	0.00131797790527	
1387.36364225	151.0	0.00028395652771	
6434.82225081	709.0	0.00111293792725	
4696.29450588	527.0	0.00085186958313	
2274.1840785	240.0	0.000404834747314	
8648.1398996	1042.0	0.00183606147766	
6211.08014342	763.0	0.00131106376648	
6145.56029113	673.0	0.00117897987366	
6270.56189098	775.0	0.00123906135559	
8017.32954683	911.0	0.00139689445496	
7580.47283522	997.0	0.00169610977173	
5713.46395871	644.0	0.00102305412292	
6228.75046451	680.0	0.00115895271301	
10442.6409518	1288.0	0.00201916694641	
8484.86180343	988.0	0.00160503387451	
4717.1336931	545.0	0.000970840454102	
7951.79964711	913.0	0.00148510932922	
10123.3823758	1258.0	0.0019850730896	
6436.55684398	653.0	0.00112295150757	
5141.72812641	538.0	0.000964879989624	
3962.53020317	456.0	0.000752925872803	
7149.9374594	781.0	0.00126004219055	
7860.69611268	843.0	0.00133299827576	
5006.2725774	538.0	0.000946998596191	
3113.52995892	385.0	0.000632047653198	
6756.39372546	839.0	0.00133609771729	
3939.97357973	498.0	0.000811100006104	
4943.7254898	579.0	0.0010199546814	
6513.32216063	762.0	0.00125098228455	
6155.01387191	644.0	0.00124287605286	
6865.8425961	799.0	0.00136804580688	
4795.79592978	493.0	0.000876903533936	
5707.5416924	628.0	0.0010290145874	
6054.03803828	700.0	0.00120186805725	
1151.803695	160.0	0.000280141830444	
5565.83914133	607.0	0.000962972640991	
2231.28028608	265.0	0.000442981719971	
7889.22997158	886.0	0.00151801109314	
3974.10703077	447.0	0.000754833221436	
3841.17836943	412.0	0.000693082809448	
6946.41237598	799.0	0.00129199028015	
5087.31502839	572.0	0.00100803375244	
10301.7190684	1210.0	0.00190281867981	
1735.44707745	195.0	0.000332117080688	
4889.476054	501.0	0.000807046890259	
5338.17475038	547.0	0.00095009803772	
3597.94427113	375.0	0.000627994537354	
4279.31665156	466.0	0.000745058059692	
9047.64961215	961.0	0.00150799751282	
2664.59992779	331.0	0.000540018081665	
3116.34025765	400.0	0.000672101974487	
4627.70933049	484.0	0.000802040100098	
6030.42352658	733.0	0.00124597549438	
7127.16227787	772.0	0.00122690200806	
3731.58627796	420.0	0.00071907043457	
6709.14346737	753.0	0.00118184089661	
11535.6945698	1447.0	0.00239396095276	
7269.76340903	815.0	0.0012948513031	
9988.24635074	1213.0	0.00208306312561	
2597.01074463	266.0	0.00047492980957	
4561.43660319	500.0	0.000813961029053	
7779.72600106	917.0	0.00158405303955	
7021.8465912	803.0	0.00136590003967	
5103.95921222	592.0	0.000977039337158	
4245.71920918	466.0	0.000751972198486	
5644.28153901	646.0	0.00104308128357	
1848.19199916	229.0	0.000379085540771	
5498.80250517	608.0	0.000983953475952	
8185.34875748	907.0	0.00154113769531	
7169.35315868	763.0	0.0012571811676	
7574.67149524	972.0	0.00164890289307	
7107.17438758	709.0	0.00126600265503	
4051.80383583	454.0	0.000736951828003	
8198.8812318	933.0	0.00151991844177	
8174.36566337	1015.0	0.00173902511597	
6272.28228681	681.0	0.00107598304749	
6372.75993148	682.0	0.00116300582886	
6367.63201018	742.0	0.00125193595886	
2063.83568666	214.0	0.000406980514526	
4536.18955756	511.0	0.000884056091309	
4265.89172579	535.0	0.000927925109863	
9468.56082964	1112.0	0.00178909301758	
4078.70360005	482.0	0.000878095626831	
3302.12172721	347.0	0.00060510635376	
7893.74028227	938.0	0.00153017044067	
2539.71503915	304.0	0.000501871109009	
4341.55745781	502.0	0.000866174697876	
1463.69690913	142.0	0.00025486946106	
3297.22784089	430.0	0.000710010528564	
3519.97586193	385.0	0.000637054443359	
6853.84068732	751.0	0.00131797790527	
4969.58564121	565.0	0.00098180770874	
6765.05596313	744.0	0.00129294395447	
5761.38843281	689.0	0.00108599662781	
4336.8671543	493.0	0.000821113586426	
3002.37259931	313.0	0.000515937805176	
6880.6307274	745.0	0.00122499465942	
3712.63846963	439.0	0.000762224197388	
4110.5580927	438.0	0.000920057296753	
5005.08744993	606.0	0.00109004974365	
4394.58052642	511.0	0.000929117202759	
8876.06537069	988.0	0.00162696838379	
8565.97740023	1045.0	0.0016450881958	
2929.06327566	295.0	0.000514984130859	
7052.94866721	727.0	0.00126600265503	
8985.54290504	1050.0	0.00164604187012	
263.865350094	25.0	7.20024108887e-05	
5919.98797183	681.0	0.00108504295349	
1906.6615571	241.0	0.000405073165894	
2390.71255853	301.0	0.000509977340698	
954.751782918	106.0	0.000196933746338	
9423.4957964	1073.0	0.00170803070068	
7236.29165249	780.0	0.00123715400696	
6079.14800925	699.0	0.00115919113159	
5619.01193458	637.0	0.00103497505188	
1331.30893213	142.0	0.00025200843811	
5887.38310374	673.0	0.00115513801575	
7186.51200423	797.0	0.00121998786926	
2811.29051024	354.0	0.000622034072876	
5909.54995562	700.0	0.00114178657532	
1694.31254075	187.0	0.000340938568115	
4383.9657103	492.0	0.000936031341553	
8959.90794282	1123.0	0.0018150806427	
4570.03200965	475.0	0.000772953033447	
5425.55863884	637.0	0.000993967056274	
10364.3422454	1185.0	0.00192308425903	
6430.71773867	736.0	0.00115895271301	
2101.70785206	222.0	0.000375986099243	
3393.39884239	385.0	0.000977039337158	
6806.76509092	840.0	0.00145697593689	
6727.67151594	718.0	0.00115299224854	
6075.31022213	709.0	0.00114107131958	
8465.80713774	1015.0	0.00162887573242	
5759.2346419	637.0	0.00106000900269	
1211.70665146	115.0	0.000272989273071	
3124.55131199	340.0	0.000639915466309	
5062.86545346	583.0	0.000941038131714	
6249.67658453	664.0	0.00116896629333	
3327.24410628	349.0	0.000619888305664	
2512.40445058	313.0	0.000564098358154	
5476.05226002	682.0	0.00117492675781	
9047.09722776	1006.0	0.00162482261658	
3835.6884511	455.0	0.000761985778809	
7319.34716556	880.0	0.00149393081665	
8733.83348715	1006.0	0.00169396400452	
7048.84239445	885.0	0.00149893760681	
3588.47026012	448.0	0.000728130340576	
6316.4182416	664.0	0.00104904174805	
3563.76832157	385.0	0.000676870346069	
4548.61111234	526.0	0.000916957855225	
3234.31429622	402.0	0.00070595741272	
8663.26170228	988.0	0.00162792205811	
5504.00545029	682.0	0.00113606452942	
4615.67385967	568.0	0.000929117202759	
7861.20171294	871.0	0.00138592720032	
3715.60408446	445.0	0.000746011734009	
8109.81246299	939.0	0.00147795677185	
6265.88763638	673.0	0.00186514854431	
8056.25633972	907.0	0.00159001350403	
5887.79646262	767.0	0.00131106376648	
5630.152377	705.0	0.00115203857422	
3212.75361104	348.0	0.000576972961426	
5619.87675459	673.0	0.00110697746277	
4617.97196083	552.0	0.00092887878418	
7366.94778584	816.0	0.00136280059814	
6041.26210152	718.0	0.00118899345398	
3663.76491641	428.0	0.000733852386475	
6490.45672326	709.0	0.00148797035217	
9318.45964078	1195.0	0.0022509098053	
3664.49206707	421.0	0.000708818435669	
5130.86891867	655.0	0.00108909606934	
8279.24596067	1006.0	0.00167894363403	
6052.1812153	740.0	0.00124597549438	
8788.50470697	969.0	0.00157904624939	
6644.3726908	718.0	0.00117421150208	
4748.03004176	525.0	0.000941038131714	
6997.96361573	781.0	0.00141286849976	
4688.32437243	627.0	0.00112700462341	
5053.77986889	546.0	0.000914096832275	
4647.90652919	536.0	0.000907897949219	
5320.21143122	556.0	0.00124788284302	
5756.37976328	700.0	0.00115895271301	
382.362065875	34.0	9.20295715332e-05	
7909.47676217	835.0	0.00137710571289	
7544.98087879	911.0	0.00148892402649	
11235.8613878	1267.0	0.00207805633545	
8387.32392172	915.0	0.0014979839325	
7293.41388052	790.0	0.0012891292572	
4805.63871982	529.0	0.000895977020264	
4372.53226607	466.0	0.000792026519775	
4879.37531166	537.0	0.000911951065063	
3083.06644193	366.0	0.000637054443359	
795.349610359	96.0	0.00019907951355	
6352.6870111	745.0	0.00123715400696	
7848.02505639	887.0	0.00146102905273	
5233.83599013	600.0	0.000990867614746	
3340.30160367	384.0	0.000667810440063	
3391.04455276	340.0	0.00057578086853	
3861.6604814	438.0	0.000755071640015	
8583.91994747	1038.0	0.00167894363403	
4452.16718397	536.0	0.00108695030212	
768.56133288	78.0	0.000169992446899	
5602.9222381	668.0	0.00120496749878	
3875.67704336	402.0	0.000677824020386	
4640.51614647	547.0	0.00101900100708	
7904.3479824	886.0	0.00163698196411	
4407.63177591	538.0	0.000939846038818	
2736.07204856	303.0	0.000947952270508	
3641.21793998	403.0	0.00071382522583	
7421.87811466	916.0	0.00162100791931	
8156.31845485	924.0	0.00181794166565	
2099.55818381	232.0	0.000626087188721	
1846.77220026	222.0	0.000426054000854	
3680.61189847	374.0	0.000632047653198	
5229.931291	547.0	0.000949859619141	
2048.36605397	275.0	0.000486850738525	
2254.5239867	286.0	0.000488996505737	
5753.61218102	637.0	0.00108098983765	
6549.80233642	790.0	0.00134086608887	
4450.45555746	525.0	0.000877857208252	
4430.21598512	484.0	0.000795125961304	
3207.67342513	331.0	0.000602960586548	
5488.44429223	660.0	0.00118207931519	
3313.41453651	357.0	0.000607967376709	
6310.56195818	700.0	0.00129318237305	
3171.48229824	340.0	0.000573873519897	
1739.83877199	214.0	0.000382900238037	
8497.6692103	978.0	0.00163602828979	
5099.46601282	547.0	0.000926971435547	
5037.62781231	556.0	0.000907182693481	
9917.3304957	1247.0	0.00240206718445	
6923.00694584	807.0	0.00136804580688	
4810.66956525	547.0	0.000931024551392	
8384.0628898	853.0	0.00142192840576	
5691.49519689	619.0	0.00103616714478	
4455.51708847	502.0	0.000838994979858	
9323.49913505	1132.0	0.00199389457703	
7873.98966688	862.0	0.00134682655334	
984.788497851	97.0	0.00020694732666	
4280.28412226	472.0	0.000800132751465	
6628.26037698	736.0	0.00121879577637	
2408.86515083	268.0	0.000592231750488	
7333.4156115	835.0	0.00185608863831	
3899.75878483	454.0	0.000805139541626	
7992.45767397	990.0	0.0016188621521	
6319.2570726	688.0	0.00115895271301	
6176.39307704	691.0	0.00115990638733	
1182.2621233	140.0	0.000287055969238	
3008.16905813	331.0	0.000623941421509	
5313.65530738	626.0	0.00105404853821	
9868.25553466	1176.0	0.00189995765686	
3836.75538813	385.0	0.00068211555481	
4352.09530137	429.0	0.000802040100098	
5352.65518242	574.0	0.000959157943726	
2311.34860725	250.0	0.000457048416138	
6537.79956029	717.0	0.00125002861023	
3377.75784171	367.0	0.000661134719849	
8738.8383054	1050.0	0.00165390968323	
4352.04933143	483.0	0.000825881958008	
8036.60279277	1006.0	0.00214099884033	
3847.3340946	421.0	0.000772953033447	
8179.13428498	934.0	0.00165605545044	
4355.14024254	526.0	0.000936031341553	
7728.47085984	886.0	0.00155806541443	
6007.32061044	637.0	0.00115990638733	
269.131603245	25.0	8.79764556885e-05	
5245.3826172	592.0	0.00110292434692	
6762.82660097	736.0	0.00135493278503	
7334.62043107	884.0	0.00166010856628	
7568.71311539	823.0	0.0014750957489	
515.184659339	60.0	0.000136852264404	
6265.05316053	671.0	0.0011670589447	
2777.28692179	295.0	0.000542163848877	
5521.779286	583.0	0.00113201141357	
7594.99037125	898.0	0.00154399871826	
4043.50032788	448.0	0.000754833221436	
5889.73266621	707.0	0.00119280815125	
887.34875919	120.0	0.000217914581299	
3442.85416943	392.0	0.001296043396	
8337.32587666	939.0	0.00156712532043	
2306.40030151	200.0	0.000428915023804	
5966.05131887	700.0	0.00120687484741	
7732.93485546	911.0	0.00153112411499	
4605.6958021	491.0	0.000792980194092	
5208.53288203	634.0	0.00101089477539	
7613.38528667	862.0	0.00139021873474	
6835.10514154	851.0	0.0015881061554	
10299.0209288	1266.0	0.00197792053223	
9695.25149216	1180.0	0.00186800956726	
2832.90350635	312.0	0.00052809715271	
2607.23851418	250.0	0.000436067581177	
12158.1830633	1400.0	0.00221991539001	
1623.21223701	168.0	0.000313997268677	
1824.74031262	222.0	0.00039005279541	
763.999444969	70.0	0.000146150588989	
4585.26996403	528.0	0.000871181488037	
7818.89661062	1015.0	0.00166893005371	
6953.53098887	831.0	0.00151395797729	
2890.6487981	295.0	0.000503063201904	
4610.40079364	583.0	0.00096607208252	
13471.672044	1540.0	0.00341796875	
2065.05825485	241.0	0.000418186187744	
2337.9072333	249.0	0.000427007675171	
3451.75245518	394.0	0.000658988952637	
6071.60398988	680.0	0.00114011764526	
4100.72253757	430.0	0.00074291229248	
9571.85418593	1040.0	0.00170302391052	
4726.79010871	552.0	0.000894069671631	
4613.13774552	510.0	0.00128817558289	
10456.9527194	1193.0	0.00193309783936	
6018.98100679	672.0	0.00107192993164	
5417.74397578	653.0	0.001060962677	
5122.61307586	592.0	0.000964879989624	
4473.45061042	610.0	0.000980854034424	
5616.28022282	637.0	0.00103998184204	
4118.93154909	457.0	0.000786066055298	
4201.40963311	447.0	0.000781059265137	
2747.32213943	349.0	0.000600099563599	
5239.53891497	637.0	0.0010290145874	
3874.02680799	412.0	0.000694990158081	
8622.34563165	1033.0	0.001629114151	
6535.88674321	727.0	0.00120115280151	
4545.5361131	519.0	0.000827074050903	
2497.10709248	295.0	0.000519037246704	
5959.39122254	731.0	0.00118398666382	
5435.44763551	565.0	0.000919818878174	
4466.55010607	511.0	0.000828981399536	
6139.65844455	682.0	0.0010929107666	
7647.51106476	871.0	0.00138902664185	
8512.20356253	952.0	0.001540184021	
10851.4352645	1331.0	0.00204801559448	
7042.83214927	825.0	0.00134897232056	
4731.83945141	492.0	0.000822067260742	
8177.37381966	923.0	0.00148701667786	
719.646401951	78.0	0.000154972076416	
5194.15867072	574.0	0.000935792922974	
3046.71765165	331.0	0.000572204589844	
4942.28520161	624.0	0.00108003616333	
