Cost	Requests	Runtime
245.761383091	16.0	4.41074371338e-05	
497.85427537	37.0	6.60419464111e-05	
452.786929338	30.0	5.60283660889e-05	
513.393767182	39.0	6.50882720947e-05	
646.01202848	10.0	3.38554382324e-05	
340.249804998	24.0	4.41074371338e-05	
542.344487151	48.0	7.70092010498e-05	
597.737370121	41.0	6.8187713623e-05	
458.551801878	32.0	5.79357147217e-05	
688.586682758	62.0	9.51290130615e-05	
508.966074643	45.0	7.5101852417e-05	
338.619848796	24.0	5.41210174561e-05	
274.149767915	26.0	4.60147857666e-05	
558.847732995	32.0	5.81741333008e-05	
293.560944885	21.0	4.38690185547e-05	
516.421969747	17.0	4.2200088501e-05	
140.405895435	14.0	3.2901763916e-05	
249.950379989	23.0	3.981590271e-05	
372.733379331	18.0	3.88622283936e-05	
289.132131397	25.0	4.6968460083e-05	
289.04012738	17.0	4.10079956055e-05	
596.870950602	50.0	7.89165496826e-05	
432.347475433	25.0	4.79221343994e-05	
365.859440301	32.0	5.29289245605e-05	
524.730062741	34.0	6.103515625e-05	
248.830161371	16.0	3.40938568115e-05	
272.943380318	13.0	3.2901763916e-05	
601.163267568	39.0	6.38961791992e-05	
109.664916275	8.0	2.19345092773e-05	
393.567825052	28.0	5.3882598877e-05	
486.884511544	47.0	7.60555267334e-05	
402.230547558	32.0	5.69820404053e-05	
343.250765884	14.0	3.40938568115e-05	
388.811432149	20.0	4.10079956055e-05	
344.42116483	17.0	4.10079956055e-05	
296.376901392	10.0	3.19480895996e-05	
348.14819077	16.0	4.00543212891e-05	
211.295608251	11.0	2.90870666504e-05	
453.536342274	24.0	5.19752502441e-05	
397.831618773	33.0	5.50746917725e-05	
359.692547836	26.0	5.31673431396e-05	
357.309869039	25.0	4.81605529785e-05	
410.505880194	24.0	5.00679016113e-05	
453.355839397	32.0	5.60283660889e-05	
231.352078294	8.0	3.40938568115e-05	
845.21407103	51.0	9.79900360107e-05	
415.95083559	34.0	6.60419464111e-05	
377.549317553	17.0	4.29153442383e-05	
157.509886453	14.0	3.00407409668e-05	
552.46361029	39.0	6.79492950439e-05	
802.075100973	62.0	0.000149011611938	
296.963442401	25.0	7.39097595215e-05	
385.038692995	32.0	0.000118970870972	
220.041655825	23.0	4.50611114502e-05	
618.084154038	50.0	9.20295715332e-05	
466.202454423	25.0	5.81741333008e-05	
429.397312258	32.0	5.69820404053e-05	
399.972730048	30.0	6.60419464111e-05	
446.105855326	23.0	4.50611114502e-05	
291.458653356	23.0	6.89029693604e-05	
481.306222391	30.0	5.69820404053e-05	
238.959811972	24.0	4.29153442383e-05	
434.905760614	24.0	5.3882598877e-05	
425.151383502	19.0	4.19616699219e-05	
520.041181118	41.0	6.69956207275e-05	
482.51570125	34.0	5.88893890381e-05	
193.025210471	6.0	2.28881835938e-05	
59.1171858591	6.0	2.09808349609e-05	
752.172266172	41.0	6.98566436768e-05	
206.402154613	8.0	2.31266021729e-05	
228.084668703	12.0	3.09944152832e-05	
83.3553390593	6.0	2.19345092773e-05	
563.949688534	61.0	9.51290130615e-05	
528.944527182	50.0	7.70092010498e-05	
331.597866935	32.0	5.50746917725e-05	
547.148943543	41.0	6.8187713623e-05	
620.410620004	42.0	7.60555267334e-05	
80.1152823844	5.0	1.81198120117e-05	
34.7850542619	7.0	1.78813934326e-05	
171.328927548	8.0	2.50339508057e-05	
369.289207721	34.0	9.20295715332e-05	
541.583204438	48.0	8.79764556885e-05	
423.066204032	39.0	6.60419464111e-05	
579.332669638	48.0	8.20159912109e-05	
171.548606072	11.0	3.19480895996e-05	
245.363347601	16.0	3.79085540771e-05	
327.248072059	19.0	4.60147857666e-05	
443.373885201	40.0	7.70092010498e-05	
246.659003456	21.0	4.60147857666e-05	
765.393336676	48.0	7.9870223999e-05	
333.997252994	12.0	3.50475311279e-05	
452.419951001	24.0	6.29425048828e-05	
120.448700534	6.0	1.90734863281e-05	
477.287063554	48.0	8.01086425781e-05	
540.892909106	32.0	5.98430633545e-05	
537.563265992	50.0	0.000108003616333	
380.23749043	32.0	5.79357147217e-05	
170.546788199	6.0	2.50339508057e-05	
206.96953191	12.0	4.31537628174e-05	
416.978040903	32.0	6.00814819336e-05	
269.425736365	17.0	4.48226928711e-05	
252.112421104	31.0	5.50746917725e-05	
595.996988177	32.0	6.103515625e-05	
355.322573066	26.0	5.3882598877e-05	
760.468377994	41.0	6.91413879395e-05	
258.185938047	19.0	5.29289245605e-05	
286.604951194	25.0	4.29153442383e-05	
238.750798511	16.0	4.60147857666e-05	
252.824084718	25.0	5.10215759277e-05	
315.727603976	23.0	4.50611114502e-05	
476.15751603	17.0	4.29153442383e-05	
204.674849452	10.0	3.09944152832e-05	
308.574504089	23.0	4.91142272949e-05	
159.137815991	6.0	2.28881835938e-05	
663.811396286	32.0	8.60691070557e-05	
554.153480635	35.0	7.00950622559e-05	
481.609294755	32.0	6.00814819336e-05	
159.480071399	12.0	3.00407409668e-05	
243.108809744	23.0	4.41074371338e-05	
289.906707445	16.0	3.79085540771e-05	
472.408504887	12.0	3.48091125488e-05	
481.952013096	17.0	4.38690185547e-05	
18.3847763109	8.0	1.8835067749e-05	
291.942888086	10.0	3.38554382324e-05	
214.847894733	14.0	3.60012054443e-05	
59.0	7.0	1.71661376953e-05	
245.057533144	16.0	3.69548797607e-05	
567.232072774	48.0	7.89165496826e-05	
209.126046256	16.0	3.38554382324e-05	
529.912506676	41.0	6.79492950439e-05	
511.699267484	24.0	5.29289245605e-05	
270.87881785	16.0	3.60012054443e-05	
146.122137531	4.0	1.90734863281e-05	
184.031816481	4.0	2.00271606445e-05	
580.091108126	41.0	7.00950622559e-05	
426.055242749	39.0	6.8187713623e-05	
393.038692995	32.0	5.69820404053e-05	
303.394973378	12.0	3.19480895996e-05	
319.381033022	23.0	5.69820404053e-05	
407.577201968	32.0	5.50746917725e-05	
162.815850872	6.0	2.21729278564e-05	
488.529055093	32.0	5.50746917725e-05	
131.462219947	6.0	2.09808349609e-05	
120.609894746	4.0	2.09808349609e-05	
65.2763356815	5.0	4.91142272949e-05	
157.857543967	4.0	1.8835067749e-05	
222.974435283	10.0	3.19480895996e-05	
497.896098279	41.0	7.08103179932e-05	
253.916212146	25.0	4.6968460083e-05	
178.254617386	12.0	3.19480895996e-05	
457.270948826	28.0	5.29289245605e-05	
312.122441764	16.0	3.69548797607e-05	
423.172922251	30.0	5.3882598877e-05	
436.597727388	32.0	6.5803527832e-05	
116.388539215	12.0	3.21865081787e-05	
648.430859421	32.0	5.79357147217e-05	
241.035227677	21.0	4.38690185547e-05	
527.743283158	42.0	7.60555267334e-05	
152.509303947	9.0	2.8133392334e-05	
171.323602313	20.0	4.00543212891e-05	
185.467078381	16.0	4.60147857666e-05	
477.046790102	41.0	6.89029693604e-05	
512.34111266	32.0	6.29425048828e-05	
307.842815169	23.0	7.29560852051e-05	
289.114460961	10.0	3.19480895996e-05	
492.159175043	37.0	6.69956207275e-05	
374.380951141	32.0	5.69820404053e-05	
355.20342257	26.0	5.19752502441e-05	
575.956069966	24.0	5.19752502441e-05	
162.713933612	14.0	3.31401824951e-05	
379.463734235	34.0	5.69820404053e-05	
310.722612782	23.0	4.2200088501e-05	
363.894341033	32.0	5.29289245605e-05	
532.605158396	37.0	6.50882720947e-05	
281.374924886	17.0	3.69548797607e-05	
69.0	7.0	1.90734863281e-05	
236.622857608	13.0	3.60012054443e-05	
245.319524744	12.0	3.19480895996e-05	
331.984147397	25.0	5.19752502441e-05	
304.847784838	14.0	3.38554382324e-05	
453.333963996	41.0	6.60419464111e-05	
282.736460888	12.0	3.00407409668e-05	
546.485439338	46.0	7.70092010498e-05	
452.893851252	32.0	5.69820404053e-05	
197.734116607	14.0	3.2901763916e-05	
290.885591948	32.0	5.69820404053e-05	
234.247240851	10.0	2.78949737549e-05	
664.410195212	53.0	8.9168548584e-05	
271.84998858	24.0	4.79221343994e-05	
436.237139553	34.0	5.91278076172e-05	
357.176766266	23.0	4.50611114502e-05	
576.965662729	41.0	7.00950622559e-05	
718.809040659	48.0	7.91549682617e-05	
340.40061383	25.0	4.6968460083e-05	
453.632195104	41.0	6.98566436768e-05	
165.60751326	8.0	2.28881835938e-05	
48.9262236245	10.0	2.59876251221e-05	
415.972515323	32.0	5.69820404053e-05	
252.774258533	21.0	5.69820404053e-05	
350.998674482	23.0	5.50746917725e-05	
635.35104062	41.0	6.98566436768e-05	
266.178797987	31.0	5.10215759277e-05	
413.087880205	30.0	5.81741333008e-05	
399.560405121	39.0	7.20024108887e-05	
155.720287152	14.0	3.19480895996e-05	
594.138030507	56.0	8.51154327393e-05	
187.665735561	16.0	3.19480895996e-05	
131.449282712	8.0	2.31266021729e-05	
278.296487106	16.0	3.60012054443e-05	
212.362206812	11.0	3.09944152832e-05	
695.47446538	41.0	6.79492950439e-05	
351.226218721	32.0	5.57899475098e-05	
608.563771407	42.0	7.60555267334e-05	
67.761719157	4.0	2.00271606445e-05	
334.477779947	17.0	4.00543212891e-05	
181.80540686	14.0	3.09944152832e-05	
495.090249249	32.0	5.91278076172e-05	
100.415669051	12.0	2.78949737549e-05	
239.258343745	6.0	2.19345092773e-05	
436.421573708	39.0	6.07967376709e-05	
198.531075409	14.0	3.38554382324e-05	
632.64354748	41.0	7.79628753662e-05	
246.271656371	24.0	4.31537628174e-05	
636.959910503	25.0	4.79221343994e-05	
535.4621667	32.0	5.79357147217e-05	
323.781594505	25.0	4.6968460083e-05	
154.508574953	15.0	3.09944152832e-05	
562.129564816	48.0	7.70092010498e-05	
439.758892231	39.0	7.29560852051e-05	
262.714110998	25.0	4.6968460083e-05	
612.937877492	28.0	5.79357147217e-05	
531.087202005	32.0	5.88893890381e-05	
115.19748543	6.0	2.19345092773e-05	
601.161885798	39.0	6.98566436768e-05	
652.049501526	23.0	4.79221343994e-05	
280.115926105	14.0	3.40938568115e-05	
439.827015567	6.0	2.31266021729e-05	
431.380828165	25.0	4.6968460083e-05	
224.074542294	32.0	5.19752502441e-05	
357.392378278	23.0	4.60147857666e-05	
260.242692559	10.0	3.09944152832e-05	
85.167689508	8.0	2.21729278564e-05	
253.373020801	12.0	3.09944152832e-05	
354.595530813	23.0	4.48226928711e-05	
423.602160943	26.0	5.60283660889e-05	
219.172896129	16.0	3.60012054443e-05	
487.940405437	24.0	5.3882598877e-05	
575.896096934	30.0	5.60283660889e-05	
214.995695037	22.0	4.19616699219e-05	
531.937785643	48.0	0.000123023986816	
206.956573322	10.0	3.09944152832e-05	
228.747443595	23.0	4.29153442383e-05	
827.148906825	57.0	9.10758972168e-05	
201.140952379	4.0	2.09808349609e-05	
797.443576781	51.0	8.58306884766e-05	
62.0818376562	11.0	2.62260437012e-05	
382.113687642	25.0	4.79221343994e-05	
443.685650863	39.0	6.50882720947e-05	
581.945969202	10.0	3.38554382324e-05	
346.186226804	23.0	4.60147857666e-05	
176.576294008	14.0	3.19480895996e-05	
477.959275129	17.0	4.10079956055e-05	
341.608422703	32.0	5.69820404053e-05	
492.263757242	24.0	5.19752502441e-05	
416.179445356	25.0	4.41074371338e-05	
272.316100755	40.0	6.29425048828e-05	
663.883866648	32.0	5.79357147217e-05	
200.560319735	8.0	2.28881835938e-05	
305.35040983	32.0	5.29289245605e-05	
190.631546741	12.0	3.2901763916e-05	
621.549889943	41.0	0.000109195709229	
25.8069758011	8.0	2.59876251221e-05	
466.202454423	31.0	0.000118970870972	
157.459143157	8.0	2.71797180176e-05	
102.771623152	8.0	2.31266021729e-05	
226.842651462	16.0	3.48091125488e-05	
331.272320749	17.0	4.48226928711e-05	
430.756802733	32.0	5.69820404053e-05	
279.414192067	25.0	4.6968460083e-05	
159.916797654	16.0	3.40938568115e-05	
429.57010381	32.0	5.88893890381e-05	
616.009072747	48.0	7.89165496826e-05	
195.56613514	13.0	2.90870666504e-05	
264.446223652	12.0	3.31401824951e-05	
470.235967876	39.0	6.79492950439e-05	
660.139983964	29.0	5.98430633545e-05	
281.374924886	17.0	3.79085540771e-05	
137.669645312	8.0	2.28881835938e-05	
250.643477684	23.0	4.50611114502e-05	
451.451902124	21.0	4.48226928711e-05	
320.744709677	6.0	2.09808349609e-05	
532.257306925	24.0	5.22136688232e-05	
241.028114062	10.0	3.31401824951e-05	
482.1318226	39.0	6.41345977783e-05	
234.913073477	23.0	7.20024108887e-05	
457.706252059	46.0	8.39233398438e-05	
721.636460897	57.0	9.10758972168e-05	
161.04021194	6.0	2.21729278564e-05	
638.513394256	25.0	4.91142272949e-05	
331.062806758	32.0	8.98838043213e-05	
273.276005952	16.0	7.10487365723e-05	
143.242289512	12.0	7.9870223999e-05	
347.84664551	24.0	6.19888305664e-05	
261.528156894	23.0	5.00679016113e-05	
353.37788902	22.0	4.50611114502e-05	
269.15435872	38.0	6.79492950439e-05	
217.319978429	16.0	3.60012054443e-05	
281.2280167	8.0	2.59876251221e-05	
453.164564446	35.0	6.79492950439e-05	
41.6773319683	5.0	1.78813934326e-05	
480.896624304	32.0	6.31809234619e-05	
110.059187479	8.0	2.38418579102e-05	
546.341660222	39.0	7.10487365723e-05	
230.713566024	8.0	2.40802764893e-05	
142.667986351	16.0	3.09944152832e-05	
623.647654895	42.0	7.82012939453e-05	
224.79123288	16.0	3.60012054443e-05	
492.890587301	42.0	7.20024108887e-05	
466.802232767	41.0	6.79492950439e-05	
136.34524795	8.0	2.28881835938e-05	
310.824340233	32.0	5.69820404053e-05	
379.989030383	43.0	6.79492950439e-05	
513.499851366	50.0	7.70092010498e-05	
356.162000651	14.0	3.40938568115e-05	
204.167255631	14.0	3.19480895996e-05	
121.115282384	6.0	2.21729278564e-05	
381.032486914	29.0	5.48362731934e-05	
453.796907515	28.0	5.57899475098e-05	
507.662948419	32.0	5.69820404053e-05	
214.857709646	8.0	2.40802764893e-05	
359.610617929	14.0	3.40938568115e-05	
217.135844808	12.0	3.19480895996e-05	
290.16229429	32.0	5.50746917725e-05	
329.100363762	21.0	4.48226928711e-05	
691.562192539	29.0	6.00814819336e-05	
434.905760614	24.0	5.19752502441e-05	
488.822115969	42.0	7.48634338379e-05	
187.688187658	12.0	3.00407409668e-05	
116.726175299	6.0	1.71661376953e-05	
315.323175813	23.0	4.10079956055e-05	
237.897757761	19.0	4.19616699219e-05	
360.751386492	39.0	6.103515625e-05	
201.928549979	12.0	3.09944152832e-05	
818.567523476	62.0	9.79900360107e-05	
604.359482001	23.0	4.6968460083e-05	
268.724540105	28.0	5.31673431396e-05	
182.626624312	23.0	4.2200088501e-05	
198.483086019	8.0	2.28881835938e-05	
342.046286942	19.0	4.19616699219e-05	
259.537306579	14.0	3.50475311279e-05	
565.32085111	41.0	6.89029693604e-05	
315.160505887	25.0	4.6968460083e-05	
248.424929462	23.0	4.38690185547e-05	
637.076011925	48.0	8.60691070557e-05	
437.214062519	39.0	6.79492950439e-05	
541.513901823	35.0	6.41345977783e-05	
361.362295261	22.0	4.38690185547e-05	
246.251153881	19.0	4.10079956055e-05	
188.454536014	16.0	3.48091125488e-05	
403.827083305	32.0	7.79628753662e-05	
218.248068477	6.0	2.09808349609e-05	
465.323785449	32.0	6.103515625e-05	
630.261530203	48.0	7.91549682617e-05	
446.812585531	34.0	6.103515625e-05	
103.042742839	4.0	1.69277191162e-05	
152.434816009	6.0	2.19345092773e-05	
158.867245536	8.0	2.31266021729e-05	
611.976315825	48.0	0.000102043151855	
408.817088125	25.0	5.91278076172e-05	
142.431065413	14.0	3.21865081787e-05	
236.442017113	11.0	4.48226928711e-05	
459.207438709	41.0	6.98566436768e-05	
229.800658618	15.0	3.50475311279e-05	
233.941187455	16.0	3.69548797607e-05	
201.192152816	10.0	3.31401824951e-05	
551.999793928	48.0	8.51154327393e-05	
254.768243762	14.0	4.50611114502e-05	
236.967195632	8.0	2.40802764893e-05	
626.067919685	48.0	7.82012939453e-05	
408.147458653	23.0	4.6968460083e-05	
369.659183796	6.0	3.2901763916e-05	
230.115115027	16.0	3.60012054443e-05	
368.854485911	30.0	6.91413879395e-05	
653.384879157	51.0	8.51154327393e-05	
212.15101	8.0	2.09808349609e-05	
270.946398061	16.0	3.60012054443e-05	
593.107181752	53.0	8.70227813721e-05	
474.39101226	30.0	5.69820404053e-05	
272.255885896	30.0	5.22136688232e-05	
330.356428313	23.0	4.50611114502e-05	
81.4969134626	6.0	2.19345092773e-05	
320.050093893	28.0	5.00679016113e-05	
122.896738648	12.0	2.88486480713e-05	
284.084819761	22.0	4.38690185547e-05	
459.438924923	17.0	8.60691070557e-05	
326.813425034	22.0	4.19616699219e-05	
229.893975284	16.0	3.60012054443e-05	
330.290166208	23.0	4.29153442383e-05	
110.603303221	8.0	2.19345092773e-05	
272.596830581	24.0	4.19616699219e-05	
624.964768072	50.0	8.70227813721e-05	
616.8314751	41.0	7.10487365723e-05	
301.604795776	32.0	5.60283660889e-05	
237.172821664	12.0	4.31537628174e-05	
208.158459499	14.0	3.50475311279e-05	
27.4119660094	8.0	2.00271606445e-05	
438.044639351	27.0	5.29289245605e-05	
202.00498553	21.0	4.38690185547e-05	
400.69459056	23.0	4.6968460083e-05	
378.986952538	25.0	4.79221343994e-05	
306.711109326	23.0	4.50611114502e-05	
369.743394318	37.0	6.103515625e-05	
121.465785979	8.0	2.50339508057e-05	
389.103478802	25.0	4.6968460083e-05	
293.147813633	31.0	5.19752502441e-05	
248.786990354	14.0	3.40938568115e-05	
318.153023309	6.0	2.09808349609e-05	
307.017878899	23.0	7.41481781006e-05	
100.657836257	3.0	1.59740447998e-05	
539.46591587	24.0	5.29289245605e-05	
87.4642784227	6.0	1.97887420654e-05	
660.740179881	53.0	8.39233398438e-05	
498.239349088	43.0	6.98566436768e-05	
463.192872779	37.0	6.50882720947e-05	
296.720207231	23.0	4.50611114502e-05	
380.519610315	23.0	4.60147857666e-05	
141.544320073	6.0	2.19345092773e-05	
268.050944491	23.0	4.48226928711e-05	
330.522340186	6.0	2.19345092773e-05	
274.364743946	25.0	5.00679016113e-05	
496.685515454	50.0	7.70092010498e-05	
316.224116965	16.0	3.60012054443e-05	
749.142599047	32.0	6.00814819336e-05	
481.627864302	39.0	6.69956207275e-05	
468.306543666	32.0	5.69820404053e-05	
232.564640451	16.0	3.09944152832e-05	
894.441427969	46.0	7.60555267334e-05	
262.391997393	25.0	4.72068786621e-05	
190.054665412	20.0	4.19616699219e-05	
347.802376875	25.0	4.60147857666e-05	
316.125831074	24.0	5.19752502441e-05	
257.164533535	20.0	4.10079956055e-05	
501.32520669	37.0	6.41345977783e-05	
551.622784666	17.0	4.29153442383e-05	
70.9436754879	6.0	2.21729278564e-05	
285.259063343	10.0	3.2901763916e-05	
469.372135837	42.0	7.20024108887e-05	
610.531991851	32.0	5.88893890381e-05	
518.632340496	32.0	5.81741333008e-05	
453.18592307	41.0	6.60419464111e-05	
265.395607717	21.0	4.41074371338e-05	
679.741247768	48.0	7.89165496826e-05	
785.470166849	42.0	7.58171081543e-05	
120.229279164	9.0	2.50339508057e-05	
443.376403539	34.0	5.79357147217e-05	
386.845426154	23.0	4.6968460083e-05	
340.299752537	32.0	5.79357147217e-05	
390.614753516	39.0	6.60419464111e-05	
226.901022357	16.0	3.50475311279e-05	
237.046188036	32.0	5.50746917725e-05	
282.038173538	14.0	3.60012054443e-05	
316.299752537	32.0	5.48362731934e-05	
395.857061047	24.0	5.19752502441e-05	
406.652598273	27.0	5.10215759277e-05	
384.20871466	27.0	5.10215759277e-05	
236.967195632	12.0	2.90870666504e-05	
439.551683032	34.0	5.69820404053e-05	
222.974435283	10.0	3.09944152832e-05	
618.816165534	39.0	6.69956207275e-05	
207.515525227	6.0	2.19345092773e-05	
535.253573111	33.0	6.19888305664e-05	
427.118246221	30.0	5.60283660889e-05	
444.578595581	32.0	5.60283660889e-05	
231.471813984	8.0	2.31266021729e-05	
409.784493701	41.0	6.69956207275e-05	
153.505706601	10.0	2.90870666504e-05	
184.375604286	8.0	2.31266021729e-05	
370.602984789	12.0	3.31401824951e-05	
229.563486485	10.0	3.09944152832e-05	
196.840374348	14.0	3.31401824951e-05	
215.091058473	16.0	3.91006469727e-05	
362.946712634	31.0	6.41345977783e-05	
381.173316121	23.0	4.60147857666e-05	
316.154870578	25.0	4.6968460083e-05	
607.743488759	32.0	5.91278076172e-05	
400.750664587	32.0	5.69820404053e-05	
323.505309562	23.0	4.60147857666e-05	
708.730319811	40.0	7.58171081543e-05	
247.136744131	25.0	5.81741333008e-05	
221.731839177	4.0	2.00271606445e-05	
330.290166208	23.0	4.41074371338e-05	
205.305029988	10.0	3.38554382324e-05	
488.703932601	30.0	7.79628753662e-05	
356.742958467	17.0	4.10079956055e-05	
423.055425589	32.0	5.69820404053e-05	
516.03348589	24.0	5.31673431396e-05	
432.091276504	19.0	4.31537628174e-05	
105.449282712	8.0	2.28881835938e-05	
210.596830581	23.0	4.50611114502e-05	
170.744281463	16.0	3.60012054443e-05	
259.661384833	25.0	4.41074371338e-05	
316.509156669	12.0	4.50611114502e-05	
325.261892994	41.0	6.60419464111e-05	
262.288571405	23.0	4.41074371338e-05	
351.402416739	31.0	5.19752502441e-05	
168.571096885	16.0	3.50475311279e-05	
134.980371387	9.0	2.59876251221e-05	
267.361815237	23.0	4.50611114502e-05	
345.244070696	10.0	3.19480895996e-05	
69.4622199472	11.0	2.40802764893e-05	
298.898646121	30.0	5.41210174561e-05	
251.324077428	12.0	3.19480895996e-05	
435.453931396	19.0	4.10079956055e-05	
123.801149308	16.0	3.40938568115e-05	
635.193660887	39.0	6.50882720947e-05	
164.969511164	10.0	2.69412994385e-05	
422.936758117	41.0	6.89029693604e-05	
735.071772751	17.0	4.60147857666e-05	
155.637576475	14.0	3.38554382324e-05	
238.209920474	13.0	3.50475311279e-05	
372.190047654	12.0	3.19480895996e-05	
496.685883826	39.0	6.69956207275e-05	
220.690286289	4.0	2.21729278564e-05	
167.658947447	6.0	2.121925354e-05	
518.45583426	32.0	5.69820404053e-05	
248.714548791	24.0	4.10079956055e-05	
564.423519576	17.0	4.31537628174e-05	
293.147612412	25.0	4.48226928711e-05	
787.964051247	51.0	8.48770141602e-05	
509.983765202	46.0	0.000132083892822	
270.019819588	32.0	5.60283660889e-05	
422.622074039	25.0	5.10215759277e-05	
381.81046762	14.0	3.60012054443e-05	
509.611883673	41.0	8.48770141602e-05	
272.060990588	16.0	3.79085540771e-05	
353.484761651	30.0	5.69820404053e-05	
96.0109595831	3.0	1.71661376953e-05	
374.038045213	12.0	3.48091125488e-05	
386.031066477	23.0	4.6968460083e-05	
147.993227764	13.0	3.12328338623e-05	
382.155608597	23.0	4.79221343994e-05	
242.781591629	19.0	4.38690185547e-05	
414.008398896	30.0	6.103515625e-05	
424.168680859	32.0	5.88893890381e-05	
357.874372455	10.0	4.48226928711e-05	
139.722850983	9.0	3.00407409668e-05	
140.405061862	6.0	2.31266021729e-05	
318.669780887	4.0	2.09808349609e-05	
427.319927195	31.0	5.88893890381e-05	
234.968486349	16.0	3.60012054443e-05	
563.66727361	32.0	6.103515625e-05	
248.743722934	8.0	2.50339508057e-05	
298.878990228	15.0	3.69548797607e-05	
319.753782368	32.0	6.41345977783e-05	
346.882216481	25.0	4.6968460083e-05	
368.787008558	40.0	6.60419464111e-05	
461.463135587	17.0	4.38690185547e-05	
273.167949034	17.0	3.88622283936e-05	
305.829306396	16.0	3.69548797607e-05	
479.055992732	32.0	6.19888305664e-05	
312.692056757	23.0	4.6968460083e-05	
241.498502942	10.0	4.41074371338e-05	
138.887198432	8.0	2.40802764893e-05	
211.136660148	31.0	5.10215759277e-05	
340.611930496	21.0	4.50611114502e-05	
432.420471891	32.0	5.88893890381e-05	
638.361539574	30.0	5.72204589844e-05	
378.761406444	24.0	4.91142272949e-05	
199.840943541	21.0	4.31537628174e-05	
406.371279282	32.0	5.69820404053e-05	
162.283148063	20.0	7.79628753662e-05	
481.55332499	41.0	6.91413879395e-05	
600.89144868	32.0	5.79357147217e-05	
252.975821251	14.0	3.40938568115e-05	
724.046264085	39.0	7.00950622559e-05	
376.412111522	32.0	5.79357147217e-05	
165.575449468	15.0	3.19480895996e-05	
233.526765684	6.0	2.28881835938e-05	
761.71695498	39.0	6.89029693604e-05	
434.069138361	39.0	6.69956207275e-05	
572.955334174	32.0	6.103515625e-05	
311.705512662	13.0	3.60012054443e-05	
516.468492794	32.0	5.60283660889e-05	
306.609594611	25.0	6.89029693604e-05	
246.562036954	6.0	2.19345092773e-05	
356.265077058	21.0	4.38690185547e-05	
637.609728121	17.0	4.60147857666e-05	
392.119827917	32.0	6.00814819336e-05	
350.155185844	26.0	0.000164031982422	
254.046066876	14.0	8.60691070557e-05	
411.412194077	30.0	6.38961791992e-05	
674.333936013	41.0	8.39233398438e-05	
354.034453349	23.0	5.3882598877e-05	
273.084819761	14.0	4.91142272949e-05	
160.792334776	14.0	3.60012054443e-05	
524.550704706	32.0	5.79357147217e-05	
724.673413254	41.0	7.29560852051e-05	
333.106035666	25.0	4.88758087158e-05	
290.625113983	15.0	4.10079956055e-05	
600.379662166	41.0	7.60555267334e-05	
685.548665717	32.0	6.103515625e-05	
387.638487248	23.0	5.00679016113e-05	
172.833870296	6.0	2.28881835938e-05	
486.480770808	28.0	5.50746917725e-05	
495.593915982	32.0	6.00814819336e-05	
273.88956077	14.0	3.69548797607e-05	
557.631979007	32.0	5.88893890381e-05	
412.831313622	31.0	5.50746917725e-05	
326.771593171	19.0	4.29153442383e-05	
419.619804813	43.0	6.79492950439e-05	
288.780011914	25.0	4.29153442383e-05	
434.057673617	39.0	7.00950622559e-05	
230.713566024	8.0	5.69820404053e-05	
405.95083559	34.0	5.79357147217e-05	
282.035569514	23.0	0.000115156173706	
127.540228765	13.0	3.2901763916e-05	
124.174574625	12.0	2.90870666504e-05	
491.387547143	6.0	2.28881835938e-05	
291.496720411	10.0	3.21865081787e-05	
336.156398697	16.0	3.79085540771e-05	
343.175328624	25.0	4.72068786621e-05	
77.7817459305	8.0	1.78813934326e-05	
147.425141578	8.0	2.31266021729e-05	
412.349483549	24.0	5.29289245605e-05	
328.610855033	30.0	5.69820404053e-05	
552.628539778	32.0	5.79357147217e-05	
339.861965382	30.0	5.60283660889e-05	
631.126650562	35.0	6.48498535156e-05	
240.081020991	11.0	3.48091125488e-05	
583.776658564	53.0	8.70227813721e-05	
144.688456202	6.0	2.19345092773e-05	
111.580547164	4.0	2.00271606445e-05	
119.264867257	6.0	2.19345092773e-05	
223.618231744	14.0	3.19480895996e-05	
530.448211078	16.0	4.79221343994e-05	
71.6938992846	8.0	2.21729278564e-05	
454.616634377	17.0	4.41074371338e-05	
82.2192191644	7.0	1.8835067749e-05	
104.191041133	9.0	2.59876251221e-05	
43.0813184571	5.0	1.50203704834e-05	
773.033787028	39.0	6.69956207275e-05	
312.599254921	14.0	3.50475311279e-05	
334.53222002	21.0	4.41074371338e-05	
467.578798774	40.0	6.60419464111e-05	
538.210324943	40.0	8.9168548584e-05	
245.272127398	10.0	3.09944152832e-05	
372.292469947	27.0	6.103515625e-05	
303.013130699	24.0	4.60147857666e-05	
461.865027229	37.0	6.91413879395e-05	
323.232039458	32.0	5.57899475098e-05	
530.814850715	39.0	8.01086425781e-05	
597.656889245	39.0	6.69956207275e-05	
416.822551047	17.0	4.19616699219e-05	
482.033661159	34.0	5.60283660889e-05	
476.718495426	48.0	7.89165496826e-05	
152.767405889	4.0	2.09808349609e-05	
136.859975502	15.0	3.09944152832e-05	
520.721996821	35.0	6.50882720947e-05	
266.755989404	6.0	2.31266021729e-05	
12.3693168769	7.0	1.78813934326e-05	
161.107688561	5.0	1.78813934326e-05	
183.198118927	14.0	3.2901763916e-05	
316.299932186	25.0	4.50611114502e-05	
591.277532356	41.0	6.89029693604e-05	
211.589661814	16.0	3.21865081787e-05	
234.911789005	15.0	3.50475311279e-05	
238.493677813	10.0	3.19480895996e-05	
548.585546228	39.0	8.70227813721e-05	
183.149066957	6.0	2.50339508057e-05	
356.310164058	25.0	4.88758087158e-05	
430.212606057	28.0	5.50746917725e-05	
348.518948553	23.0	4.31537628174e-05	
581.279281368	41.0	6.98566436768e-05	
406.763865723	31.0	5.10215759277e-05	
374.496402278	31.0	5.07831573486e-05	
734.100622567	50.0	7.9870223999e-05	
405.135807573	46.0	7.39097595215e-05	
277.386022712	14.0	3.69548797607e-05	
403.584829329	17.0	4.19616699219e-05	
891.961642548	51.0	8.60691070557e-05	
223.812991119	14.0	3.2901763916e-05	
111.936479682	4.0	1.90734863281e-05	
328.548830508	10.0	3.19480895996e-05	
199.645327239	25.0	4.31537628174e-05	
586.369212489	38.0	7.5101852417e-05	
199.841255336	16.0	4.38690185547e-05	
467.424484116	41.0	6.69956207275e-05	
128.82011712	6.0	2.09808349609e-05	
110.732920848	10.0	3.00407409668e-05	
289.431061559	25.0	4.38690185547e-05	
411.025639396	30.0	5.69820404053e-05	
701.108403179	39.0	6.69956207275e-05	
764.094016991	46.0	7.67707824707e-05	
485.440770497	41.0	6.60419464111e-05	
646.851763991	50.0	7.89165496826e-05	
322.329924445	39.0	6.50882720947e-05	
193.71316652	22.0	4.00543212891e-05	
665.833171495	48.0	7.39097595215e-05	
690.327661219	48.0	7.79628753662e-05	
383.9775179	41.0	6.50882720947e-05	
148.550155199	8.0	3.31401824951e-05	
147.894867459	15.0	4.10079956055e-05	
437.18273475	41.0	6.22272491455e-05	
101.237344888	5.0	1.59740447998e-05	
414.235026689	32.0	5.79357147217e-05	
148.917932903	8.0	2.31266021729e-05	
358.90196168	23.0	4.79221343994e-05	
354.399694764	23.0	4.81605529785e-05	
350.031807564	32.0	6.69956207275e-05	
180.989549383	6.0	2.121925354e-05	
522.092333443	47.0	8.70227813721e-05	
628.7964336	41.0	9.10758972168e-05	
191.920907871	13.0	4.38690185547e-05	
249.223493763	16.0	3.50475311279e-05	
413.36715117	24.0	5.3882598877e-05	
591.533390999	32.0	5.79357147217e-05	
440.062760838	39.0	6.60419464111e-05	
632.403368247	51.0	8.60691070557e-05	
502.329916963	32.0	5.69820404053e-05	
442.095914386	19.0	4.50611114502e-05	
585.040034637	46.0	7.70092010498e-05	
197.473273253	10.0	3.09944152832e-05	
136.87393009	6.0	2.19345092773e-05	
331.689674137	25.0	4.57763671875e-05	
313.806658452	23.0	4.60147857666e-05	
428.60219777	39.0	6.60419464111e-05	
208.856318791	14.0	3.2901763916e-05	
535.439642915	32.0	5.79357147217e-05	
93.2666238296	6.0	1.78813934326e-05	
134.261084924	13.0	3.19480895996e-05	
369.307114853	19.0	4.50611114502e-05	
82.3468275042	5.0	1.59740447998e-05	
129.449282712	8.0	2.31266021729e-05	
62.0818376562	6.0	1.81198120117e-05	
475.062957942	32.0	5.60283660889e-05	
223.991713724	11.0	3.21865081787e-05	
590.120681783	52.0	8.51154327393e-05	
436.229726069	30.0	5.57899475098e-05	
197.080733113	8.0	2.09808349609e-05	
241.796435718	10.0	3.09944152832e-05	
209.612856684	16.0	3.50475311279e-05	
660.139983964	24.0	5.31673431396e-05	
941.456182807	51.0	8.79764556885e-05	
255.406366058	14.0	3.40938568115e-05	
54.3783044973	6.0	2.59876251221e-05	
345.505880194	17.0	5.29289245605e-05	
693.475682877	39.0	0.000131845474243	
472.911038403	19.0	4.79221343994e-05	
701.630592785	39.0	0.0001380443573	
177.058569863	12.0	3.60012054443e-05	
295.473813177	16.0	3.69548797607e-05	
351.556879477	19.0	8.10623168945e-05	
194.670228704	13.0	6.00814819336e-05	
119.619016574	6.0	4.00543212891e-05	
438.908676914	34.0	0.000115156173706	
400.122092554	16.0	6.79492950439e-05	
275.378618288	27.0	9.89437103271e-05	
150.107292557	10.0	5.07831573486e-05	
710.51039009	48.0	8.70227813721e-05	
210.21441925	16.0	3.60012054443e-05	
378.421914822	6.0	2.28881835938e-05	
290.358425446	14.0	3.40938568115e-05	
208.399724059	14.0	4.2200088501e-05	
382.512576726	25.0	4.79221343994e-05	
208.150753626	14.0	3.40938568115e-05	
376.303609183	23.0	5.79357147217e-05	
139.794233183	16.0	3.2901763916e-05	
283.759472212	23.0	4.79221343994e-05	
244.377130695	28.0	8.29696655273e-05	
802.1454951	46.0	8.10623168945e-05	
412.04898894	32.0	5.88893890381e-05	
173.102961462	16.0	3.50475311279e-05	
175.493287132	22.0	4.2200088501e-05	
472.580252437	34.0	6.29425048828e-05	
139.757862341	4.0	2.21729278564e-05	
628.698739106	50.0	9.89437103271e-05	
246.11825214	16.0	4.10079956055e-05	
144.722299388	6.0	3.21865081787e-05	
286.07797224	19.0	4.60147857666e-05	
448.402126243	30.0	6.00814819336e-05	
170.772910364	6.0	2.31266021729e-05	
294.005790401	6.0	2.19345092773e-05	
507.72151341	26.0	5.41210174561e-05	
621.46275421	35.0	7.39097595215e-05	
352.532122957	25.0	7.10487365723e-05	
492.263757242	24.0	6.19888305664e-05	
113.070070515	10.0	2.59876251221e-05	
164.758175726	6.0	2.19345092773e-05	
271.230873967	14.0	5.48362731934e-05	
675.58738291	24.0	7.5101852417e-05	
283.184104603	17.0	4.60147857666e-05	
378.747420472	24.0	5.50746917725e-05	
346.69099377	32.0	6.00814819336e-05	
403.137516815	32.0	6.00814819336e-05	
326.097455923	23.0	4.41074371338e-05	
542.954324088	62.0	9.79900360107e-05	
109.781204129	8.0	2.28881835938e-05	
188.925699729	6.0	2.09808349609e-05	
352.279145121	37.0	0.000102996826172	
267.359957684	21.0	4.79221343994e-05	
321.93322299	32.0	5.91278076172e-05	
565.117600304	23.0	5.10215759277e-05	
291.984090915	23.0	4.60147857666e-05	
615.034329182	48.0	7.9870223999e-05	
229.563486485	10.0	4.38690185547e-05	
229.712607926	16.0	3.91006469727e-05	
286.540341185	25.0	5.60283660889e-05	
387.589240122	32.0	5.79357147217e-05	
529.525327007	32.0	6.103515625e-05	
199.170108758	12.0	7.70092010498e-05	
467.018942236	32.0	5.88893890381e-05	
214.903357551	8.0	2.40802764893e-05	
340.448875176	19.0	4.29153442383e-05	
287.5735848	23.0	4.60147857666e-05	
335.40085968	23.0	4.48226928711e-05	
158.353445494	6.0	2.09808349609e-05	
276.631660978	12.0	4.41074371338e-05	
475.56903624	41.0	0.000102996826172	
399.891141698	12.0	3.48091125488e-05	
358.226972828	34.0	5.88893890381e-05	
358.90196168	40.0	6.19888305664e-05	
672.346342013	53.0	0.000126838684082	
497.681410784	32.0	6.00814819336e-05	
650.832271139	30.0	5.91278076172e-05	
216.101010876	21.0	4.60147857666e-05	
617.628539778	35.0	8.98838043213e-05	
190.822499894	13.0	3.2901763916e-05	
189.506317911	23.0	4.91142272949e-05	
164.0473614	8.0	2.38418579102e-05	
428.798105926	48.0	7.79628753662e-05	
195.610969468	6.0	2.28881835938e-05	
82.1883255292	4.0	1.90734863281e-05	
488.913245611	24.0	5.10215759277e-05	
487.226886869	30.0	5.81741333008e-05	
152.98872178	16.0	3.31401824951e-05	
850.955357107	50.0	9.79900360107e-05	
290.047383747	16.0	3.50475311279e-05	
575.944031052	39.0	7.29560852051e-05	
208.52220831	10.0	3.09944152832e-05	
142.602477854	6.0	2.09808349609e-05	
210.659527136	4.0	2.09808349609e-05	
232.127534462	16.0	4.10079956055e-05	
430.193680363	40.0	6.69956207275e-05	
339.766693946	24.0	4.60147857666e-05	
774.570523463	24.0	5.69820404053e-05	
390.794981458	28.0	6.48498535156e-05	
805.941933004	57.0	9.10758972168e-05	
400.852907782	32.0	5.79357147217e-05	
132.198964543	13.0	3.48091125488e-05	
457.805802359	32.0	7.5101852417e-05	
296.316100755	40.0	6.48498535156e-05	
388.696972644	23.0	4.79221343994e-05	
322.59872633	25.0	4.41074371338e-05	
724.155325214	57.0	8.89301300049e-05	
326.931749487	17.0	4.10079956055e-05	
231.897757761	12.0	3.19480895996e-05	
713.265780423	35.0	7.10487365723e-05	
414.663328668	46.0	7.70092010498e-05	
552.858416959	39.0	6.41345977783e-05	
82.2192191644	6.0	1.78813934326e-05	
204.726147692	13.0	3.40938568115e-05	
222.505309562	16.0	3.50475311279e-05	
651.062421516	48.0	7.9870223999e-05	
211.415046178	14.0	3.60012054443e-05	
447.991584405	41.0	7.00950622559e-05	
532.842510301	21.0	4.60147857666e-05	
736.94233479	17.0	6.98566436768e-05	
118.928549979	5.0	1.69277191162e-05	
326.229013771	32.0	5.29289245605e-05	
309.921950472	23.0	5.3882598877e-05	
306.747148405	23.0	4.88758087158e-05	
248.714548791	16.0	3.40938568115e-05	
195.145893081	6.0	2.121925354e-05	
353.37788902	22.0	4.19616699219e-05	
181.694301161	8.0	2.19345092773e-05	
629.50061894	42.0	7.79628753662e-05	
597.863977702	35.0	6.38961791992e-05	
622.772927907	39.0	6.79492950439e-05	
170.204883232	6.0	2.19345092773e-05	
204.471711149	8.0	2.40802764893e-05	
454.912921263	32.0	5.69820404053e-05	
829.998273124	42.0	7.60555267334e-05	
237.612279362	14.0	3.38554382324e-05	
531.153203322	53.0	8.60691070557e-05	
289.131837734	10.0	3.19480895996e-05	
565.164182015	41.0	7.91549682617e-05	
528.567676167	48.0	7.79628753662e-05	
162.910773979	6.0	2.28881835938e-05	
258.181014789	19.0	4.31537628174e-05	
461.63268518	25.0	4.91142272949e-05	
186.266361314	16.0	3.50475311279e-05	
643.949144485	35.0	6.60419464111e-05	
272.098093391	25.0	4.6968460083e-05	
134.520307206	6.0	2.21729278564e-05	
365.441155527	23.0	5.69820404053e-05	
298.014549241	20.0	4.19616699219e-05	
339.861965382	30.0	5.57899475098e-05	
195.76032805	16.0	3.48091125488e-05	
419.885722959	41.0	6.79492950439e-05	
246.668889175	14.0	3.38554382324e-05	
303.250130766	32.0	5.3882598877e-05	
435.678275087	32.0	5.69820404053e-05	
136.388539215	13.0	3.50475311279e-05	
443.036810141	48.0	7.5101852417e-05	
891.464860599	51.0	8.70227813721e-05	
574.014321408	41.0	6.79492950439e-05	
336.692086709	23.0	5.00679016113e-05	
269.126014935	25.0	4.50611114502e-05	
483.026420877	30.0	5.48362731934e-05	
346.822357465	12.0	3.2901763916e-05	
215.914085702	23.0	4.60147857666e-05	
482.759321352	35.0	6.8187713623e-05	
357.574295681	23.0	4.79221343994e-05	
592.986984387	39.0	8.01086425781e-05	
115.158530699	7.0	3.09944152832e-05	
506.957737625	39.0	6.89029693604e-05	
219.60960448	11.0	2.69412994385e-05	
391.285804712	41.0	0.000104188919067	
419.720382551	25.0	4.88758087158e-05	
476.440191304	48.0	7.79628753662e-05	
69.2314957227	7.0	1.78813934326e-05	
242.532132747	16.0	3.19480895996e-05	
304.200379534	17.0	4.19616699219e-05	
438.026982121	49.0	7.39097595215e-05	
621.820074849	32.0	5.88893890381e-05	
541.807285062	30.0	5.57899475098e-05	
90.8417622441	6.0	2.19345092773e-05	
253.054969249	25.0	4.31537628174e-05	
458.072057594	24.0	4.88758087158e-05	
301.550637997	12.0	3.2901763916e-05	
540.639937525	32.0	8.98838043213e-05	
231.694369837	25.0	4.6968460083e-05	
837.691685028	62.0	9.79900360107e-05	
