Cost	Requests	Runtime
166.570556032	49.0	0.000494003295898	
170.175505108	36.0	0.000659942626953	
474.641006342	85.0	0.000818014144897	
73.9673797382	64.0	0.000598907470703	
356.253357892	82.0	0.000694036483765	
126.585713301	18.0	0.000214099884033	
53.0754180389	12.0	0.000180959701538	
37.0	11.0	0.000137090682983	
361.194105553	80.0	0.000740051269531	
338.863110878	81.0	0.000824928283691	
198.403775173	59.0	0.000576019287109	
338.178741439	80.0	0.000669956207275	
285.232287634	71.0	0.000629186630249	
184.497922852	35.0	0.000314950942993	
201.085130349	75.0	0.000635147094727	
258.069543485	41.0	0.000400066375732	
145.013793103	39.0	0.000492095947266	
470.364273121	85.0	0.000679016113281	
267.147767738	83.0	0.000818967819214	
261.579215157	65.0	0.000594854354858	
313.14566064	66.0	0.000575065612793	
130.441783138	55.0	0.000515937805176	
399.530439943	81.0	0.00112390518188	
190.984880276	36.0	0.000530958175659	
137.161226855	22.0	0.000433921813965	
97.9489663039	12.0	0.000147819519043	
36.7151195014	7.0	0.000118017196655	
119.284113195	18.0	0.000189065933228	
295.871978236	81.0	0.000797033309937	
373.707634744	78.0	0.000671863555908	
259.336407245	64.0	0.000524044036865	
159.019800039	15.0	0.000205039978027	
232.893675066	42.0	0.000452041625977	
261.601447585	59.0	0.000513076782227	
139.677693888	42.0	0.000375986099243	
205.159177701	75.0	0.000920057296753	
121.216642516	22.0	0.000252962112427	
123.674956075	6.0	0.000102043151855	
230.628697971	66.0	0.000710964202881	
131.867328178	7.0	0.000103950500488	
251.03413877	51.0	0.000519990921021	
191.007864206	56.0	0.000622987747192	
208.065651026	49.0	0.000469207763672	
121.191966776	6.0	8.89301300049e-05	
282.729225802	71.0	0.000633955001831	
150.281607651	55.0	0.000507116317749	
250.278652063	67.0	0.000577926635742	
316.443211549	63.0	0.000541210174561	
204.482528551	64.0	0.000561952590942	
94.8769250209	22.0	0.000227928161621	
136.097858228	39.0	0.000355005264282	
62.6550314912	6.0	8.60691070557e-05	
270.194739792	74.0	0.000623941421509	
275.920424538	70.0	0.000709772109985	
213.251020307	54.0	0.000497102737427	
212.560567674	63.0	0.000653982162476	
377.675192678	86.0	0.000729084014893	
146.077412003	26.0	0.000308036804199	
152.805981025	33.0	0.000353097915649	
204.517755154	25.0	0.00026798248291	
190.711485396	7.0	9.48905944824e-05	
396.317865303	84.0	0.000794172286987	
339.249136703	80.0	0.000711917877197	
174.90569848	57.0	0.000500917434692	
353.065182146	77.0	0.000639915466309	
184.247355984	52.0	0.000471115112305	
205.291904263	9.0	0.000108003616333	
321.220271865	73.0	0.000635862350464	
175.581491438	6.0	8.79764556885e-05	
91.5876670805	22.0	0.000202894210815	
341.329785219	83.0	0.000682830810547	
240.865541564	61.0	0.000566959381104	
116.563829876	19.0	0.000180006027222	
220.471875473	37.0	0.000553846359253	
142.624190427	45.0	0.000438928604126	
255.669449553	71.0	0.000641107559204	
206.932148601	59.0	0.000535011291504	
135.471188467	24.0	0.000239133834839	
265.366499711	69.0	0.000625848770142	
123.571908427	35.0	0.000377893447876	
394.607490226	81.0	0.000845193862915	
303.290953791	68.0	0.000647783279419	
156.994639522	34.0	0.000502109527588	
127.462219947	15.0	0.000237941741943	
217.819113216	83.0	0.00123810768127	
109.310441363	56.0	0.000905990600586	
282.136081888	57.0	0.000569105148315	
152.96215289	6.0	0.000108957290649	
252.047587932	59.0	0.000531196594238	
311.125524938	60.0	0.000657081604004	
462.950836893	82.0	0.000706911087036	
364.324361583	75.0	0.000646829605103	
146.752709799	57.0	0.000581026077271	
150.90639111	36.0	0.000344038009644	
233.959181654	68.0	0.00065803527832	
276.531307924	58.0	0.000545978546143	
406.083475038	83.0	0.000759124755859	
129.139577979	18.0	0.000190019607544	
211.924107331	76.0	0.000619888305664	
282.47086663	81.0	0.000694036483765	
109.744862773	9.0	0.000106811523438	
339.170873459	84.0	0.000657081604004	
244.542899463	70.0	0.00059986114502	
317.26308423	66.0	0.000600099563599	
280.734324355	75.0	0.000772953033447	
299.435873512	75.0	0.000653982162476	
346.911279583	81.0	0.000961780548096	
269.585164766	77.0	0.000820159912109	
412.281446864	87.0	0.000744104385376	
95.9444101085	15.0	0.000166893005371	
207.705640423	55.0	0.000501871109009	
191.056555228	30.0	0.000316858291626	
60.8625453467	16.0	0.000212907791138	
141.863733639	25.0	0.000302076339722	
252.2595695	83.0	0.000702857971191	
331.703698931	66.0	0.000595092773438	
348.50681522	76.0	0.000614881515503	
227.669449553	71.0	0.000585079193115	
114.422065321	31.0	0.000304937362671	
275.474602785	38.0	0.000319004058838	
382.377771618	75.0	0.00075888633728	
446.240133685	83.0	0.00085711479187	
205.414462349	51.0	0.000450849533081	
372.222963935	84.0	0.00078010559082	
320.926490179	81.0	0.000771045684814	
425.681887151	81.0	0.000642776489258	
356.682560671	84.0	0.000747919082642	
245.070849272	76.0	0.0010039806366	
366.705812332	83.0	0.000910043716431	
396.562228836	77.0	0.000659942626953	
252.90540348	68.0	0.000602006912231	
276.329826234	68.0	0.000617027282715	
104.057096286	27.0	0.000282049179077	
256.791903938	78.0	0.000699043273926	
204.875645341	51.0	0.000437021255493	
149.846550127	46.0	0.000406980514526	
119.943113825	30.0	0.000283002853394	
45.8802789878	6.0	7.89165496826e-05	
299.625754193	85.0	0.000694990158081	
211.587437188	52.0	0.00049901008606	
140.453672122	26.0	0.000243186950684	
410.769311549	82.0	0.000793933868408	
319.171657362	80.0	0.000704050064087	
394.850976675	81.0	0.000731945037842	
359.225919431	66.0	0.000633955001831	
314.520942669	81.0	0.000738143920898	
404.787995548	85.0	0.000697135925293	
394.359413652	82.0	0.000675916671753	
104.618320933	13.0	0.000143051147461	
124.031042171	9.0	0.000104188919067	
208.683077242	47.0	0.000460863113403	
163.601707844	32.0	0.000303030014038	
249.826745701	56.0	0.000494003295898	
250.538906042	71.0	0.00059986114502	
268.104982482	86.0	0.000672817230225	
114.865138314	9.0	0.000123977661133	
382.755287842	84.0	0.000707149505615	
179.442327715	5.0	7.70092010498e-05	
124.861635074	30.0	0.000331878662109	
12.0830459736	12.0	0.000140905380249	
384.278189575	82.0	0.000735998153687	
184.246052952	49.0	0.00046706199646	
243.63336062	65.0	0.000602960586548	
175.060006081	47.0	0.00045108795166	
316.458225845	81.0	0.00075101852417	
123.194235618	30.0	0.000302076339722	
353.154963673	80.0	0.000682830810547	
172.226629732	39.0	0.000339984893799	
59.0592922409	20.0	0.000190019607544	
311.348094068	79.0	0.000694990158081	
432.037665215	84.0	0.000669956207275	
105.741305272	31.0	0.000280857086182	
249.734812329	70.0	0.000584125518799	
222.56003867	42.0	0.000358819961548	
214.003521872	70.0	0.000608921051025	
139.586947141	5.0	0.000105142593384	
249.210134309	80.0	0.000654935836792	
361.094715375	65.0	0.000573873519897	
360.831381414	82.0	0.000728845596313	
426.350602135	85.0	0.000715017318726	
341.264959404	69.0	0.000639915466309	
165.296168509	29.0	0.000314950942993	
522.971226067	86.0	0.000698089599609	
244.4232115	65.0	0.00059700012207	
338.253169481	82.0	0.000675916671753	
284.892337803	69.0	0.00066089630127	
95.7766865163	36.0	0.000329971313477	
224.118560715	63.0	0.000575065612793	
145.435501538	23.0	0.000225782394409	
318.756319036	78.0	0.000638008117676	
217.290493683	59.0	0.000510931015015	
424.876358944	77.0	0.000744104385376	
548.557610002	87.0	0.000782012939453	
103.648431638	44.0	0.000440120697021	
126.757476591	28.0	0.000257968902588	
73.0	21.0	0.000241041183472	
438.965273897	79.0	0.000953197479248	
341.36214731	78.0	0.000674962997437	
244.950520439	58.0	0.000550985336304	
166.641397976	55.0	0.000515937805176	
182.111171117	58.0	0.000514984130859	
73.1072590599	18.0	0.000196933746338	
390.770936274	80.0	0.000674962997437	
270.7147727	72.0	0.000704050064087	
23.0867927612	3.0	8.01086425781e-05	
266.2030983	61.0	0.00056791305542	
340.236156685	78.0	0.000645160675049	
372.888223154	81.0	0.00066614151001	
236.422090961	57.0	0.000501871109009	
214.056582953	75.0	0.00071382522583	
346.724555422	85.0	0.000738859176636	
384.175400942	82.0	0.000862121582031	
137.257345931	48.0	0.00047779083252	
74.6868537189	9.0	0.000121116638184	
370.358749686	84.0	0.000760078430176	
97.4800713995	26.0	0.000253915786743	
335.880629365	66.0	0.000568151473999	
79.2275204711	23.0	0.000272989273071	
204.898512188	56.0	0.000497102737427	
313.283263316	69.0	0.000571012496948	
209.191725738	75.0	0.000617027282715	
38.2099463491	6.0	7.89165496826e-05	
378.369031872	65.0	0.000542879104614	
282.760385444	69.0	0.000570058822632	
99.7587202229	21.0	0.000213861465454	
73.5602196109	23.0	0.000230073928833	
317.814839195	77.0	0.000688076019287	
293.152063315	59.0	0.000639200210571	
185.81064021	54.0	0.000493049621582	
192.419914062	54.0	0.000540018081665	
20.6155281281	4.0	0.000115871429443	
339.747579624	74.0	0.000712156295776	
199.0074958	26.0	0.00025200843811	
391.392644092	77.0	0.0010130405426	
271.855801866	66.0	0.000568866729736	
370.092889992	85.0	0.000771045684814	
298.98489639	83.0	0.000680923461914	
235.785002619	45.0	0.000403881072998	
336.585398773	74.0	0.000613927841187	
153.557258848	49.0	0.000473022460938	
204.991584899	65.0	0.000580072402954	
378.184832044	81.0	0.000947952270508	
125.497922852	33.0	0.000370979309082	
281.296138099	83.0	0.00110483169556	
346.751907974	75.0	0.000739097595215	
265.788340624	59.0	0.000651121139526	
302.991505125	76.0	0.000708103179932	
45.2769256907	18.0	0.000193119049072	
115.606122573	35.0	0.000342845916748	
155.121101019	33.0	0.000368118286133	
226.628697971	66.0	0.000598192214966	
182.598321277	38.0	0.000428915023804	
312.477653947	81.0	0.000702857971191	
214.362017126	47.0	0.000401973724365	
139.27652938	34.0	0.000304222106934	
316.538846644	78.0	0.000710010528564	
439.893303477	82.0	0.000678777694702	
11.313708499	7.0	0.000108957290649	
184.796440653	5.0	9.20295715332e-05	
159.414462349	45.0	0.000439882278442	
144.586949787	44.0	0.000416040420532	
225.604310062	78.0	0.000697135925293	
53.7587202229	12.0	0.0001540184021	
187.180388	7.0	0.000137090682983	
179.65728832	40.0	0.000358104705811	
172.539860588	24.0	0.000256776809692	
348.316244539	84.0	0.000761985778809	
118.358737165	34.0	0.000338077545166	
168.780185819	29.0	0.000319957733154	
259.875215447	70.0	0.000659942626953	
248.956283202	72.0	0.000643968582153	
188.497922852	38.0	0.000370979309082	
92.8493403315	13.0	0.000161170959473	
386.690667762	84.0	0.000677108764648	
355.402405166	76.0	0.000643014907837	
399.644739311	76.0	0.000615119934082	
446.889150998	88.0	0.000696182250977	
292.037271982	73.0	0.000630140304565	
261.976400491	29.0	0.000284910202026	
142.392057381	28.0	0.000248908996582	
73.636239417	5.0	7.10487365723e-05	
438.699764851	82.0	0.000700950622559	
361.031288913	79.0	0.000655174255371	
186.765266352	62.0	0.000515222549438	
99.9444272871	26.0	0.000381946563721	
288.221793264	82.0	0.00108098983765	
190.429572368	29.0	0.000518083572388	
138.931034039	25.0	0.000308990478516	
81.1541742611	13.0	0.000160932540894	
238.766328418	73.0	0.000678777694702	
313.291721021	79.0	0.000673770904541	
104.620597602	36.0	0.000325918197632	
453.555824979	81.0	0.000669002532959	
140.726819976	26.0	0.000247001647949	
198.007864206	59.0	0.000542879104614	
412.437578959	83.0	0.000723838806152	
334.314277293	75.0	0.000594854354858	
104.995237987	7.0	9.79900360107e-05	
174.768097263	64.0	0.000664949417114	
66.3701740242	11.0	0.000130176544189	
374.320619913	81.0	0.000634908676147	
127.283953327	47.0	0.000449895858765	
220.235718561	33.0	0.000298976898193	
346.336967756	82.0	0.000702857971191	
259.396850338	75.0	0.000726938247681	
284.892337803	69.0	0.000580072402954	
146.775779819	6.0	8.39233398438e-05	
327.930494859	78.0	0.000627994537354	
215.6304015	7.0	9.51290130615e-05	
281.484919216	58.0	0.000548124313354	
128.670839866	6.0	8.29696655273e-05	
228.155651902	67.0	0.000566005706787	
234.157733917	43.0	0.000396966934204	
224.864595821	36.0	0.000316858291626	
119.231495723	35.0	0.000405073165894	
244.862604219	58.0	0.000486135482788	
189.336260865	40.0	0.000325918197632	
215.361303796	38.0	0.000349044799805	
263.55608471	73.0	0.000633955001831	
331.652094958	83.0	0.000672101974487	
240.169399611	58.0	0.000465869903564	
105.742291608	27.0	0.000253915786743	
77.9122379377	9.0	0.000104188919067	
232.159394664	33.0	0.000284910202026	
287.336260865	64.0	0.00052809715271	
236.555340808	71.0	0.000555038452148	
285.902324135	58.0	0.000477075576782	
210.623790754	29.0	0.000277996063232	
278.340348009	82.0	0.000653028488159	
256.154593794	71.0	0.000581979751587	
376.115477632	83.0	0.000646114349365	
344.834117399	80.0	0.000645875930786	
131.755121439	43.0	0.000385999679565	
410.845617281	84.0	0.000661134719849	
171.266796183	44.0	0.000375032424927	
423.333666598	86.0	0.000661134719849	
121.035759065	22.0	0.000212907791138	
324.760086423	77.0	0.000638961791992	
267.513813209	51.0	0.000453948974609	
155.646453251	30.0	0.000280141830444	
195.983126837	34.0	0.000304222106934	
500.628229419	85.0	0.000662088394165	
195.714322134	29.0	0.000270843505859	
276.437345278	60.0	0.00049901008606	
255.669449553	71.0	0.000594854354858	
267.758351459	68.0	0.00106596946716	
371.055539598	77.0	0.000825166702271	
171.363289855	6.0	0.000138998031616	
191.403626752	40.0	0.000631093978882	
224.187213388	42.0	0.000395059585571	
283.811839464	47.0	0.000385046005249	
322.302867988	47.0	0.000432014465332	
223.638620348	72.0	0.000654220581055	
112.787412053	23.0	0.00022292137146	
419.136295342	85.0	0.000808954238892	
280.848806177	71.0	0.000610113143921	
224.905676126	39.0	0.000339984893799	
262.504761612	80.0	0.000679969787598	
318.836047661	72.0	0.00061297416687	
114.315566065	34.0	0.000330924987793	
27.2029410175	5.0	6.60419464111e-05	
253.822261919	46.0	0.000419855117798	
68.2375196729	12.0	0.000142097473145	
120.51372431	29.0	0.000298976898193	
182.605939302	41.0	0.000396013259888	
372.575280069	76.0	0.000610113143921	
283.5716898	79.0	0.000650882720947	
97.9706290905	6.0	8.51154327393e-05	
178.944427287	37.0	0.000346899032593	
360.387461203	70.0	0.000604867935181	
214.491713352	61.0	0.000524997711182	
211.892888131	55.0	0.000463008880615	
68.0955211449	16.0	0.000164985656738	
265.712473808	52.0	0.000456094741821	
275.810748269	63.0	0.000571012496948	
139.47673908	33.0	0.000323057174683	
205.21959141	51.0	0.000420093536377	
281.373373904	68.0	0.000547885894775	
170.475142585	57.0	0.000491142272949	
215.253555654	81.0	0.000641107559204	
171.490029586	47.0	0.000408887863159	
112.386793498	30.0	0.000257015228271	
414.040138367	84.0	0.000652074813843	
233.406649596	54.0	0.000478029251099	
214.700828185	73.0	0.000611066818237	
189.419642794	45.0	0.000414133071899	
395.362704055	85.0	0.00065803527832	
403.946773666	81.0	0.00072193145752	
329.550721771	80.0	0.000646114349365	
192.957156219	54.0	0.00046706199646	
57.3149195236	14.0	0.000167846679688	
310.979507573	80.0	0.000658988952637	
479.021470307	87.0	0.000665903091431	
212.504433544	47.0	0.000454902648926	
313.716522136	64.0	0.000539064407349	
72.7213674098	20.0	0.000193119049072	
354.12967626	62.0	0.000514030456543	
244.569288668	77.0	0.000669002532959	
216.380173113	48.0	0.000392913818359	
95.6285925345	7.0	9.70363616943e-05	
297.937898994	78.0	0.000641107559204	
134.048016184	15.0	0.000158071517944	
226.524201532	42.0	0.000357151031494	
343.275572126	58.0	0.000478982925415	
500.80539017	85.0	0.00068187713623	
238.641642206	37.0	0.000322818756104	
33.7342555869	3.0	6.48498535156e-05	
130.042351822	50.0	0.000530958175659	
208.756105894	50.0	0.000436067581177	
138.24262765	57.0	0.000488996505737	
206.007710011	41.0	0.000368118286133	
482.454252398	86.0	0.00072193145752	
278.221801619	78.0	0.000654935836792	
206.660235211	71.0	0.000591993331909	
322.184151319	68.0	0.000575065612793	
210.650828766	70.0	0.000586986541748	
385.237237421	79.0	0.000675916671753	
360.930363721	65.0	0.000534057617188	
316.635195534	78.0	0.000632047653198	
191.188402197	71.0	0.000599145889282	
124.118355562	32.0	0.000309944152832	
73.7568491504	6.0	8.39233398438e-05	
239.023216381	69.0	0.000574111938477	
91.8468966579	34.0	0.000366926193237	
228.636206741	48.0	0.000447988510132	
159.674705359	45.0	0.000513792037964	
90.6563407675	32.0	0.000280141830444	
356.682560671	85.0	0.000655889511108	
345.746051713	83.0	0.000654935836792	
267.449762974	57.0	0.00047492980957	
207.069543485	49.0	0.000437021255493	
230.429075992	29.0	0.000290870666504	
85.5375888582	9.0	0.000104904174805	
282.583342179	71.0	0.000611066818237	
7.0	41.0	0.000406980514526	
255.848496597	60.0	0.000533103942871	
405.268727534	79.0	0.000664949417114	
418.951257833	81.0	0.000670909881592	
350.320475322	83.0	0.000692129135132	
345.589506799	71.0	0.000571966171265	
241.683743782	71.0	0.000611066818237	
265.540123213	71.0	0.000607013702393	
223.400038743	47.0	0.000414848327637	
188.367377477	22.0	0.000197172164917	
91.3535967568	27.0	0.000271081924438	
275.719919905	75.0	0.000652074813843	
310.577456595	84.0	0.000699043273926	
256.189550081	58.0	0.000489234924316	
84.7007384641	21.0	0.000204086303711	
101.340387403	32.0	0.000291109085083	
443.472621411	86.0	0.000698804855347	
161.313427035	59.0	0.00049090385437	
226.628697971	51.0	0.000416994094849	
185.86792423	52.0	0.000417947769165	
232.486851493	34.0	0.000288009643555	
170.155926915	34.0	0.000291109085083	
284.172445246	73.0	0.000579833984375	
193.289066372	68.0	0.000573873519897	
203.764652163	68.0	0.000707864761353	
122.090221251	43.0	0.000545978546143	
290.194802556	72.0	0.000943899154663	
69.77105417	4.0	8.01086425781e-05	
254.042697188	63.0	0.00056004524231	
310.566805007	82.0	0.00070595741272	
210.641406191	76.0	0.000638961791992	
349.211909171	81.0	0.000675916671753	
431.744982422	84.0	0.000724077224731	
216.628861778	52.0	0.000550031661987	
201.444330309	40.0	0.000349998474121	
313.170777074	79.0	0.000635147094727	
126.412352091	19.0	0.000190019607544	
127.395846022	33.0	0.00029993057251	
73.8590309081	19.0	0.000226974487305	
128.73232865	29.0	0.000265121459961	
363.62285352	69.0	0.000550031661987	
155.646453251	12.0	0.000131845474243	
151.277647591	36.0	0.000324964523315	
177.005879776	47.0	0.000416040420532	
165.502843011	41.0	0.000370025634766	
388.051259538	68.0	0.000547885894775	
115.606122573	19.0	0.000169992446899	
246.73323408	36.0	0.000313997268677	
256.722501178	76.0	0.000613927841187	
193.100800134	58.0	0.000491142272949	
142.070070515	7.0	9.60826873779e-05	
444.441461982	81.0	0.000640869140625	
314.236803671	82.0	0.000642061233521	
164.847109094	39.0	0.000342845916748	
303.026485321	82.0	0.000662088394165	
83.0240928888	15.0	0.00018310546875	
480.009139737	88.0	0.000679016113281	
108.995237987	36.0	0.000328063964844	
176.135583457	52.0	0.000480890274048	
268.737897104	49.0	0.000421047210693	
75.953933407	15.0	0.000171899795532	
122.778221876	7.0	9.70363616943e-05	
195.971784859	46.0	0.000382900238037	
193.685480959	42.0	0.000347137451172	
272.915156084	68.0	0.000561952590942	
188.867858051	28.0	0.000265121459961	
263.769515157	58.0	0.000491142272949	
318.168309153	63.0	0.000526905059814	
276.302047771	83.0	0.000656127929688	
335.770393689	69.0	0.00055193901062	
157.365062294	46.0	0.000405073165894	
296.252687772	59.0	0.000522136688232	
108.146706789	34.0	0.000303983688354	
297.272863091	59.0	0.000507831573486	
331.493472264	80.0	0.000627040863037	
318.729522119	71.0	0.000571966171265	
336.928091844	57.0	0.000478029251099	
379.170005448	82.0	0.00065803527832	
221.136066963	65.0	0.000542163848877	
193.236710039	55.0	0.000469923019409	
159.959885577	53.0	0.00046706199646	
230.560632707	77.0	0.000632047653198	
191.374016788	41.0	0.000388145446777	
91.8910580215	40.0	0.000364065170288	
228.063964673	48.0	0.00040602684021	
127.745398446	34.0	0.000360012054443	
200.914470486	33.0	0.000279903411865	
317.129418439	79.0	0.00064492225647	
161.620233273	63.0	0.000586986541748	
205.414462349	60.0	0.000527143478394	
94.5121167491	23.0	0.000249147415161	
135.098458715	34.0	0.000310182571411	
357.437145516	84.0	0.000659942626953	
152.46978029	57.0	0.000498056411743	
302.543584342	80.0	0.00070595741272	
188.690479461	42.0	0.000349044799805	
345.819387199	74.0	0.000596046447754	
239.69466278	73.0	0.000587224960327	
153.037690498	25.0	0.000235795974731	
224.864095656	54.0	0.000478029251099	
139.568542495	45.0	0.000377893447876	
311.92715769	59.0	0.000488996505737	
95.0841825432	7.0	9.29832458496e-05	
295.183016143	77.0	0.000613212585449	
124.721627755	25.0	0.000240087509155	
52.697248505	6.0	8.29696655273e-05	
63.8905313799	4.0	7.58171081543e-05	
228.051955714	46.0	0.000411987304688	
206.473568398	76.0	0.000614881515503	
158.295497861	41.0	0.000375986099243	
164.058120646	43.0	0.000370025634766	
272.647844831	75.0	0.000622034072876	
152.46978029	34.0	0.000306129455566	
84.7007384641	18.0	0.000186204910278	
444.228858004	83.0	0.000629901885986	
403.195692765	72.0	0.000576972961426	
200.149013077	76.0	0.000669002532959	
363.807479888	80.0	0.000633001327515	
159.304557711	37.0	0.000329971313477	
129.749045686	34.0	0.000307083129883	
370.751739921	81.0	0.000630855560303	
332.319117718	83.0	0.000657081604004	
430.72647853	85.0	0.000650882720947	
169.44364282	59.0	0.00052809715271	
261.040965083	61.0	0.000509977340698	
264.983994895	83.0	0.000656127929688	
203.274260961	53.0	0.000448942184448	
408.92973607	82.0	0.000696897506714	
149.854890162	36.0	0.000323057174683	
405.115477632	85.0	0.000699043273926	
372.113018163	80.0	0.000667095184326	
88.6563407675	23.0	0.000209093093872	
398.416142738	81.0	0.00062108039856	
174.948176406	33.0	0.000298023223877	
221.572091986	72.0	0.00058388710022	
323.004874605	82.0	0.000650882720947	
412.608252009	82.0	0.000653028488159	
253.644689431	81.0	0.000643968582153	
313.538933979	68.0	0.000550985336304	
357.316180051	82.0	0.000638961791992	
288.348094068	81.0	0.000630140304565	
310.697659184	80.0	0.000646114349365	
219.46781757	59.0	0.000841856002808	
234.878629024	66.0	0.000807046890259	
226.52120086	69.0	0.000586032867432	
137.637163602	28.0	0.000251054763794	
194.066161489	59.0	0.000552892684937	
108.806975801	20.0	0.000198841094971	
270.607183586	75.0	0.000632047653198	
172.859918896	24.0	0.000224113464355	
257.9120942	55.0	0.00048303604126	
379.504554681	74.0	0.000605821609497	
304.784321455	77.0	0.000635147094727	
238.556712651	83.0	0.000720977783203	
224.175469247	56.0	0.000475168228149	
309.279410583	80.0	0.000643968582153	
149.677364387	45.0	0.000387907028198	
282.277785766	79.0	0.000640869140625	
144.198845121	48.0	0.000437021255493	
215.929483902	71.0	0.00061297416687	
411.912027249	83.0	0.000696897506714	
245.679054953	59.0	0.00049901008606	
479.910779752	83.0	0.000651836395264	
94.1040856239	18.0	0.000176191329956	
264.388011285	76.0	0.000758171081543	
277.646864484	84.0	0.000702857971191	
237.585096951	78.0	0.000679016113281	
364.53941355	86.0	0.000715970993042	
230.413530313	80.0	0.000671148300171	
250.856580537	72.0	0.000641107559204	
395.155740609	79.0	0.00068211555481	
255.643436298	75.0	0.000710964202881	
320.621477857	75.0	0.000591993331909	
349.113018163	74.0	0.000700950622559	
83.2946576918	7.0	9.41753387451e-05	
111.033812395	26.0	0.000247001647949	
312.529898347	69.0	0.000586032867432	
267.920424538	69.0	0.000618934631348	
430.028100671	84.0	0.000732183456421	
227.038232474	38.0	0.000340938568115	
192.253690094	45.0	0.00042200088501	
233.382331711	56.0	0.000616073608398	
288.39662522	69.0	0.000591039657593	
199.258612367	39.0	0.000344038009644	
246.938218444	71.0	0.00059700012207	
235.175505108	59.0	0.000487089157104	
292.576460716	71.0	0.000763893127441	
196.32906215	51.0	0.000452041625977	
266.521429171	54.0	0.000492095947266	
227.220913446	53.0	0.000491857528687	
41.0	5.0	6.69956207275e-05	
249.800392432	82.0	0.000684976577759	
165.340114593	29.0	0.000285863876343	
336.587362616	82.0	0.000718116760254	
382.641389497	84.0	0.000677108764648	
168.030602689	62.0	0.000557899475098	
286.969167974	63.0	0.000581979751587	
328.679577452	81.0	0.000712871551514	
287.191741156	76.0	0.000670909881592	
73.8973753861	28.0	0.000271081924438	
228.447348375	64.0	0.000534057617188	
180.544325447	65.0	0.000560998916626	
255.955153915	62.0	0.000581026077271	
338.536677383	79.0	0.000639200210571	
160.404944676	51.0	0.000540018081665	
389.830455959	76.0	0.000684976577759	
305.205518993	83.0	0.000705003738403	
65.5609943283	38.0	0.000375986099243	
105.026671979	21.0	0.000210046768188	
213.899439602	46.0	0.000422954559326	
162.776803306	48.0	0.000430107116699	
188.488316481	56.0	0.000509977340698	
62.5253530033	23.0	0.000241041183472	
216.167951434	59.0	0.000505924224854	
206.503862592	6.0	9.79900360107e-05	
304.922873096	57.0	0.000485897064209	
250.424887935	42.0	0.000354051589966	
281.470553703	64.0	0.000583171844482	
154.02191255	24.0	0.000231981277466	
236.503506492	75.0	0.000656127929688	
259.267562391	82.0	0.000715017318726	
171.266796183	44.0	0.000426054000854	
232.454840242	48.0	0.000458002090454	
179.333752211	42.0	0.000453948974609	
202.721863275	39.0	0.00037693977356	
172.768097263	57.0	0.00057315826416	
137.640722138	35.0	0.000344038009644	
361.165025396	85.0	0.000725984573364	
164.514584384	49.0	0.00042200088501	
291.364002158	84.0	0.000688076019287	
318.637103691	74.0	0.000589847564697	
209.56548182	54.0	0.000458002090454	
135.760446582	7.0	9.79900360107e-05	
145.488043988	22.0	0.000205993652344	
294.600020296	65.0	0.000530004501343	
314.282975721	79.0	0.000622034072876	
123.655917875	35.0	0.00046706199646	
349.031227295	78.0	0.00063681602478	
242.602949893	71.0	0.000701904296875	
337.857577432	81.0	0.000649929046631	
304.037372285	76.0	0.000859975814819	
517.735869319	84.0	0.00068998336792	
419.680943529	87.0	0.000689029693604	
186.362687472	57.0	0.000504970550537	
158.148917862	6.0	8.29696655273e-05	
231.712128195	42.0	0.000359058380127	
126.730267124	6.0	8.48770141602e-05	
300.366996591	83.0	0.000688076019287	
371.055539598	77.0	0.000725984573364	
113.687755552	28.0	0.000405073165894	
328.880204852	77.0	0.000906944274902	
367.28848728	81.0	0.000793933868408	
305.778615906	75.0	0.000650882720947	
170.266239754	64.0	0.000590085983276	
129.417481583	18.0	0.000169992446899	
95.6002392341	37.0	0.000396966934204	
97.4800713995	27.0	0.000489950180054	
224.568542495	59.0	0.000570058822632	
95.5540569749	27.0	0.000248908996582	
449.541117894	83.0	0.000679969787598	
504.768353503	87.0	0.000688076019287	
164.763032463	67.0	0.000585079193115	
246.407142249	48.0	0.000412940979004	
239.67078886	62.0	0.000530004501343	
389.175145873	83.0	0.000771045684814	
99.4886928249	14.0	0.000144004821777	
327.800484978	80.0	0.000643968582153	
402.522125596	83.0	0.000678062438965	
290.870746625	42.0	0.000376224517822	
218.385910917	62.0	0.000534057617188	
252.477748277	69.0	0.000604867935181	
428.962458792	84.0	0.000765085220337	
183.732920848	43.0	0.000381946563721	
139.568542495	35.0	0.000509977340698	
426.16268944	86.0	0.00068998336792	
279.212113776	82.0	0.00068211555481	
188.844568137	57.0	0.000495910644531	
177.726423664	53.0	0.000503063201904	
288.536693774	63.0	0.000560998916626	
147.333277186	30.0	0.000281095504761	
119.3711788	6.0	8.51154327393e-05	
263.115899186	42.0	0.000400066375732	
174.721863275	34.0	0.000441074371338	
96.112588906	24.0	0.000241041183472	
460.77475363	77.0	0.000652074813843	
362.030980802	72.0	0.000584125518799	
224.668017547	65.0	0.000520944595337	
237.870322011	60.0	0.000518798828125	
92.7401728073	21.0	0.000225067138672	
64.8459713475	20.0	0.00043797492981	
234.088794619	69.0	0.00062108039856	
327.399035758	76.0	0.000651121139526	
276.458085119	62.0	0.00056004524231	
212.270003945	50.0	0.000496864318848	
140.010970972	27.0	0.000277996063232	
43.9089968002	6.0	8.10623168945e-05	
414.2408265	76.0	0.000625848770142	
244.318275947	70.0	0.000616073608398	
107.514726997	19.0	0.000183820724487	
145.913838208	9.0	0.000112771987915	
312.270212866	85.0	0.00071907043457	
281.860981778	57.0	0.000488996505737	
370.343169003	65.0	0.000538110733032	
381.409567094	81.0	0.00101208686829	
117.269255626	23.0	0.000216960906982	
115.500082333	9.0	0.0001060962677	
390.460487001	83.0	0.00075101852417	
400.678302131	87.0	0.0010199546814	
291.214659748	72.0	0.000627994537354	
290.991753994	85.0	0.000755071640015	
272.527016053	58.0	0.000570058822632	
142.823930553	37.0	0.000371932983398	
479.449086423	84.0	0.000693082809448	
428.559377547	85.0	0.000676155090332	
381.280117883	82.0	0.000777006149292	
212.583342179	60.0	0.000555992126465	
119.075737818	23.0	0.000236034393311	
463.725666078	83.0	0.000687837600708	
173.721423641	9.0	0.000134944915771	
229.798881502	75.0	0.000641822814941	
331.084667256	50.0	0.000416040420532	
174.000054727	6.0	8.20159912109e-05	
235.157733917	40.0	0.000365018844604	
252.167559354	76.0	0.000640153884888	
353.065182146	76.0	0.000849008560181	
383.788959481	81.0	0.000673055648804	
137.421285343	25.0	0.000255107879639	
112.159624466	5.0	7.10487365723e-05	
97.7401152576	15.0	0.000190019607544	
292.549475956	45.0	0.000458002090454	
256.398347366	59.0	0.000553846359253	
339.804363635	74.0	0.000674962997437	
343.85561777	66.0	0.000604867935181	
141.462477306	34.0	0.000318050384521	
387.452066896	83.0	0.000695943832397	
257.044094032	38.0	0.00031590461731	
269.098407276	71.0	0.000612020492554	
173.328758361	50.0	0.000446081161499	
364.580495242	77.0	0.000632047653198	
313.688502043	80.0	0.000633001327515	
351.526283286	66.0	0.000546932220459	
146.459985458	42.0	0.000413179397583	
242.411678904	57.0	0.000703096389771	
410.091179562	88.0	0.000941038131714	
380.419922556	82.0	0.000750064849854	
136.768455661	54.0	0.000479936599731	
313.248422065	82.0	0.000650882720947	
302.940421454	57.0	0.000492095947266	
274.531006184	62.0	0.000542879104614	
113.870351489	34.0	0.000286102294922	
155.142310492	47.0	0.000415086746216	
220.471875473	46.0	0.000385999679565	
92.7814906723	13.0	0.000135898590088	
182.846077129	54.0	0.000441074371338	
291.788218352	77.0	0.000620126724243	
436.976970702	83.0	0.000755071640015	
184.028985121	34.0	0.000472068786621	
135.957896848	29.0	0.000300884246826	
192.644689431	39.0	0.000473976135254	
399.848697449	83.0	0.000783920288086	
272.268987618	63.0	0.000576972961426	
317.995658333	73.0	0.000673055648804	
188.70520129	35.0	0.000346899032593	
372.835783851	82.0	0.000786066055298	
101.243612493	6.0	9.29832458496e-05	
290.221537822	74.0	0.000619888305664	
385.477988102	73.0	0.000610113143921	
244.950520439	63.0	0.000539064407349	
405.256142704	81.0	0.000816106796265	
222.267255943	52.0	0.000484943389893	
319.252319221	84.0	0.000676870346069	
191.5478143	63.0	0.000577926635742	
259.254614754	79.0	0.000664949417114	
444.919889158	85.0	0.000764846801758	
345.126187234	79.0	0.000645160675049	
316.911795502	83.0	0.000703096389771	
200.480907571	46.0	0.000458002090454	
387.083143773	82.0	0.000652074813843	
280.456514816	76.0	0.000683069229126	
322.535913445	56.0	0.000472068786621	
264.324331208	56.0	0.000512838363647	
265.257383976	72.0	0.000648975372314	
287.044015632	82.0	0.000772953033447	
314.666497711	77.0	0.000619888305664	
271.698528954	58.0	0.000509977340698	
289.80447344	63.0	0.000516176223755	
230.276027784	57.0	0.000530004501343	
89.5956895364	20.0	0.000195980072021	
319.028439695	75.0	0.000673055648804	
276.386000316	32.0	0.000281810760498	
135.640793583	37.0	0.00032901763916	
200.760174343	60.0	0.000525951385498	
312.520685663	70.0	0.000591993331909	
280.934627181	85.0	0.000759124755859	
125.400632992	24.0	0.000233888626099	
82.4924238946	11.0	0.0001220703125	
197.868484068	66.0	0.000581026077271	
137.520413459	37.0	0.000358104705811	
261.016052164	71.0	0.000584840774536	
212.06174438	39.0	0.000341176986694	
313.518610135	82.0	0.000639915466309	
220.158091191	46.0	0.00039005279541	
485.155032762	87.0	0.00066614151001	
330.565939611	79.0	0.000636100769043	
355.104393292	79.0	0.000639915466309	
287.63798353	70.0	0.000572204589844	
158.280557604	21.0	0.000205039978027	
171.045154945	32.0	0.000301122665405	
437.5073295	81.0	0.000637054443359	
313.518610135	83.0	0.000638961791992	
91.3535967568	27.0	0.000252962112427	
250.101897379	69.0	0.000557899475098	
201.972570459	63.0	0.000602006912231	
50.537115074	6.0	7.89165496826e-05	
259.729225802	64.0	0.000536203384399	
262.758029004	57.0	0.000472068786621	
189.947833735	32.0	0.000288963317871	
392.324470274	76.0	0.00067400932312	
165.87151609	35.0	0.000288009643555	
201.781226904	48.0	0.000619888305664	
244.148609811	58.0	0.000562906265259	
222.267255943	63.0	0.000564098358154	
399.176590831	81.0	0.000643014907837	
323.442954827	72.0	0.000583171844482	
41.1096095822	5.0	8.89301300049e-05	
328.2919224	80.0	0.00065803527832	
107.031374582	23.0	0.000197887420654	
268.104982482	86.0	0.000652074813843	
289.567091009	74.0	0.000669002532959	
335.264172818	79.0	0.000617027282715	
272.963116264	60.0	0.000578165054321	
287.124815287	55.0	0.000472068786621	
61.7251377103	21.0	0.000236034393311	
334.423155997	81.0	0.00070595741272	
103.118355562	38.0	0.000367164611816	
333.611459321	75.0	0.000609159469604	
173.440244539	5.0	7.29560852051e-05	
211.763766761	51.0	0.000447034835815	
233.159090098	76.0	0.00062108039856	
19.4164878389	7.0	0.000128984451294	
141.120247899	37.0	0.00034499168396	
209.971375837	67.0	0.000570058822632	
273.394348803	64.0	0.000534057617188	
265.37398251	81.0	0.000665187835693	
249.791033236	68.0	0.000563144683838	
404.783102168	79.0	0.000631093978882	
250.134781466	51.0	0.000443935394287	
364.001790531	80.0	0.000642061233521	
294.257592441	71.0	0.000587940216064	
240.078027352	58.0	0.000550031661987	
117.677784014	22.0	0.000231981277466	
287.375373769	86.0	0.000702142715454	
84.3859417479	21.0	0.00025200843811	
286.939466076	45.0	0.000399112701416	
226.487855406	66.0	0.000619888305664	
25.5538646784	31.0	0.000319004058838	
421.367278921	83.0	0.000678062438965	
341.547843393	78.0	0.000645160675049	
436.854451042	81.0	0.000665903091431	
328.722398137	66.0	0.000559091567993	
186.3786522	41.0	0.000371932983398	
148.819113216	35.0	0.000309944152832	
97.3052290951	29.0	0.000303983688354	
437.826465913	81.0	0.000648975372314	
172.397347032	38.0	0.000373840332031	
569.484834233	89.0	0.00104403495789	
150.609351303	35.0	0.000576019287109	
362.190150383	83.0	0.00070595741272	
178.995702608	24.0	0.0002281665802	
215.731482192	76.0	0.000642061233521	
255.669449553	65.0	0.000563859939575	
192.938300962	50.0	0.000459909439087	
172.673805194	50.0	0.000483989715576	
178.908688673	46.0	0.000394821166992	
193.00437123	60.0	0.000543832778931	
377.735080313	79.0	0.00065803527832	
346.724555422	85.0	0.000663995742798	
202.791019906	64.0	0.000525951385498	
178.12002529	63.0	0.000561952590942	
106.935572792	21.0	0.000229120254517	
327.433291677	71.0	0.000623941421509	
79.0902212509	25.0	0.000227928161621	
468.958001546	83.0	0.000635147094727	
363.392644092	80.0	0.000632047653198	
64.1414274415	12.0	0.000140905380249	
163.705936177	63.0	0.000575065612793	
126.730267124	9.0	0.0001060962677	
263.835051932	49.0	0.000421047210693	
99.7446766914	31.0	0.00031304359436	
311.462327167	66.0	0.000557899475098	
389.180635446	80.0	0.000633955001831	
239.657514887	51.0	0.000456094741821	
197.294316524	43.0	0.000380992889404	
169.44364282	59.0	0.000505924224854	
172.494254552	30.0	0.000261068344116	
354.225577845	86.0	0.000652074813843	
257.639675037	55.0	0.000470161437988	
107.514726997	34.0	0.000314950942993	
305.117814762	79.0	0.000668048858643	
182.948966304	30.0	0.000258922576904	
176.126304999	35.0	0.000338077545166	
307.376644862	77.0	0.000622987747192	
173.824005828	44.0	0.000380992889404	
183.876209502	37.0	0.000313997268677	
237.585096951	48.0	0.000401973724365	
101.393439028	38.0	0.000333070755005	
140.389091409	41.0	0.000388860702515	
146.965208239	55.0	0.000476837158203	
202.320344591	58.0	0.000488042831421	
378.557029091	80.0	0.000645875930786	
251.542557478	70.0	0.00062108039856	
207.252286635	63.0	0.000524044036865	
319.791880361	83.0	0.000655174255371	
193.232305458	41.0	0.000351905822754	
217.318409413	68.0	0.000562906265259	
177.041944341	66.0	0.000572204589844	
266.198092126	78.0	0.00063681602478	
233.203929549	63.0	0.000545024871826	
222.63213849	44.0	0.000364065170288	
176.749994116	51.0	0.000496864318848	
298.602394669	66.0	0.000535011291504	
223.81541277	50.0	0.000436067581177	
333.498484432	65.0	0.000529050827026	
49.0917508345	4.0	7.70092010498e-05	
324.513142179	75.0	0.000661849975586	
123.962210058	23.0	0.000226020812988	
233.982744677	61.0	0.000511169433594	
403.682617562	66.0	0.000571966171265	
207.981915684	47.0	0.000424146652222	
326.962460408	50.0	0.000495910644531	
187.597657715	56.0	0.000514984130859	
159.019800039	27.0	0.000245809555054	
142.488522059	52.0	0.000434160232544	
227.056066522	63.0	0.000540018081665	
128.616685571	33.0	0.000288009643555	
199.568106761	48.0	0.000396966934204	
309.127315555	67.0	0.000738859176636	
186.962474675	38.0	0.000344038009644	
213.837077706	34.0	0.00032901763916	
247.76411744	68.0	0.000576972961426	
227.242608308	64.0	0.000553131103516	
164.763369504	48.0	0.000427007675171	
95.6350164393	28.0	0.000262022018433	
211.303768384	66.0	0.000581979751587	
295.706437974	83.0	0.000701904296875	
468.810107889	84.0	0.000691890716553	
161.429075992	32.0	0.000308990478516	
333.080303041	86.0	0.00071907043457	
151.640321621	37.0	0.000319004058838	
204.09744068	24.0	0.000259876251221	
425.142728892	83.0	0.00065803527832	
383.009105802	74.0	0.000617027282715	
151.852367661	58.0	0.000504016876221	
242.220120171	70.0	0.000600099563599	
227.669449553	71.0	0.000699043273926	
299.228891426	71.0	0.000627994537354	
262.681397685	81.0	0.000663042068481	
181.702069814	73.0	0.000617980957031	
149.678736189	38.0	0.000350952148438	
242.424881466	64.0	0.000566959381104	
365.788015686	84.0	0.000685214996338	
256.772021539	57.0	0.000676155090332	
86.575265874	24.0	0.000272035598755	
