Cost	Requests	Runtime
375.832165835	41.0	7.48634338379e-05	
401.379838876	24.0	5.19752502441e-05	
317.492197542	25.0	4.6968460083e-05	
143.388352081	8.0	2.40802764893e-05	
432.055145861	37.0	9.51290130615e-05	
93.0496280138	6.0	2.19345092773e-05	
369.546252449	34.0	5.91278076172e-05	
193.52435429	16.0	3.60012054443e-05	
117.82581374	6.0	2.28881835938e-05	
463.427706625	39.0	6.91413879395e-05	
141.335875503	6.0	2.19345092773e-05	
336.922929979	26.0	5.31673431396e-05	
322.435852606	39.0	6.79492950439e-05	
331.190177699	41.0	7.70092010498e-05	
348.522614216	23.0	5.69820404053e-05	
271.948049416	16.0	3.69548797607e-05	
337.330286821	19.0	4.6968460083e-05	
250.637771097	16.0	4.10079956055e-05	
163.834379295	8.0	2.38418579102e-05	
75.524048521	4.0	2.09808349609e-05	
244.399956263	21.0	4.60147857666e-05	
103.773792453	6.0	1.69277191162e-05	
228.143691622	23.0	4.41074371338e-05	
339.125278485	30.0	0.000109195709229	
378.455892406	17.0	4.50611114502e-05	
274.593588693	14.0	3.40938568115e-05	
125.466796474	6.0	2.78949737549e-05	
254.519043291	14.0	3.60012054443e-05	
415.454870274	50.0	8.39233398438e-05	
428.797148894	37.0	6.69956207275e-05	
295.065618365	19.0	5.29289245605e-05	
218.275094554	15.0	3.60012054443e-05	
173.781039533	14.0	3.19480895996e-05	
150.868359469	15.0	4.98294830322e-05	
261.95584778	32.0	6.69956207275e-05	
142.957896848	6.0	2.19345092773e-05	
591.380015292	57.0	8.89301300049e-05	
257.129685564	25.0	4.79221343994e-05	
140.742594405	11.0	2.90870666504e-05	
466.442031063	32.0	5.48362731934e-05	
102.360872141	12.0	2.88486480713e-05	
457.727342902	49.0	8.60691070557e-05	
327.45447344	30.0	7.00950622559e-05	
483.430371716	41.0	6.91413879395e-05	
113.302925597	8.0	2.31266021729e-05	
435.768290578	48.0	7.9870223999e-05	
171.00976172	14.0	3.2901763916e-05	
70.5740755768	13.0	3.2901763916e-05	
197.527407017	6.0	2.09808349609e-05	
301.78554466	22.0	4.50611114502e-05	
275.001951537	17.0	4.10079956055e-05	
204.546291721	12.0	3.31401824951e-05	
525.248235387	49.0	7.70092010498e-05	
332.540228765	28.0	7.58171081543e-05	
441.462185919	43.0	7.10487365723e-05	
435.679585361	25.0	5.10215759277e-05	
350.00220735	23.0	4.81605529785e-05	
193.252674524	13.0	3.50475311279e-05	
403.76830294	49.0	8.79764556885e-05	
280.958470259	25.0	4.72068786621e-05	
316.54056414	17.0	5.19752502441e-05	
137.189853707	14.0	3.21865081787e-05	
116.401916752	8.0	2.40802764893e-05	
320.242742879	19.0	4.29153442383e-05	
404.779878662	30.0	7.89165496826e-05	
57.697486947	3.0	1.59740447998e-05	
363.155107776	25.0	4.79221343994e-05	
166.574705205	14.0	3.38554382324e-05	
221.791935518	25.0	5.79357147217e-05	
125.957606878	6.0	2.09808349609e-05	
408.20940332	42.0	7.39097595215e-05	
84.1724420461	5.0	1.90734863281e-05	
321.579812916	16.0	3.71932983398e-05	
334.686154325	23.0	4.6968460083e-05	
85.4751425854	5.0	1.69277191162e-05	
188.184384155	31.0	5.10215759277e-05	
181.870015641	14.0	3.50475311279e-05	
265.519254658	25.0	4.6968460083e-05	
284.450480271	39.0	6.50882720947e-05	
106.916624929	15.0	3.21865081787e-05	
334.452770187	32.0	8.79764556885e-05	
452.10005887	24.0	5.41210174561e-05	
366.752492519	19.0	4.41074371338e-05	
228.715859805	15.0	3.60012054443e-05	
39.8497176903	7.0	1.90734863281e-05	
192.830508713	14.0	3.31401824951e-05	
385.438535146	43.0	7.10487365723e-05	
594.602568807	48.0	7.79628753662e-05	
268.507226892	24.0	6.19888305664e-05	
392.734686705	32.0	6.79492950439e-05	
129.911810377	15.0	3.2901763916e-05	
361.247059375	23.0	4.6968460083e-05	
320.172796305	34.0	5.79357147217e-05	
397.292664688	41.0	6.69956207275e-05	
375.862593019	34.0	5.41210174561e-05	
323.615925253	17.0	5.60283660889e-05	
224.067207041	13.0	4.60147857666e-05	
174.970393164	12.0	3.40938568115e-05	
328.685190507	25.0	5.00679016113e-05	
293.462524546	32.0	5.79357147217e-05	
189.700691023	8.0	2.40802764893e-05	
44.6542271235	6.0	1.78813934326e-05	
15.2195444573	5.0	1.8835067749e-05	
444.145351788	43.0	7.00950622559e-05	
431.79192559	50.0	8.08238983154e-05	
583.217941472	50.0	9.10758972168e-05	
370.572920987	24.0	5.29289245605e-05	
194.057934161	10.0	3.19480895996e-05	
258.695823608	32.0	5.88893890381e-05	
182.948966304	6.0	2.19345092773e-05	
559.756130888	50.0	8.08238983154e-05	
244.822848102	25.0	4.6968460083e-05	
421.538172126	41.0	6.89029693604e-05	
427.210676857	57.0	8.41617584229e-05	
176.617370386	8.0	2.21729278564e-05	
420.055991578	34.0	5.69820404053e-05	
438.468415861	39.0	6.60419464111e-05	
285.554294025	23.0	4.81605529785e-05	
364.365269114	23.0	4.60147857666e-05	
219.870194345	10.0	3.09944152832e-05	
292.53469422	25.0	4.60147857666e-05	
470.704824754	32.0	6.00814819336e-05	
316.689807275	25.0	4.79221343994e-05	
290.443577268	24.0	5.00679016113e-05	
609.330683474	46.0	7.70092010498e-05	
271.818899182	19.0	4.38690185547e-05	
353.254079613	32.0	5.60283660889e-05	
253.967491251	6.0	2.19345092773e-05	
319.512447029	25.0	4.29153442383e-05	
88.5327863739	8.0	2.28881835938e-05	
396.269341892	37.0	6.00814819336e-05	
244.008173236	21.0	4.31537628174e-05	
251.575885243	21.0	4.50611114502e-05	
269.219342077	32.0	5.19752502441e-05	
272.915903841	21.0	6.41345977783e-05	
343.53395822	32.0	6.103515625e-05	
460.902190886	50.0	8.10623168945e-05	
512.21854642	48.0	0.00012993812561	
269.001034212	22.0	4.38690185547e-05	
444.452740429	48.0	9.01222229004e-05	
118.885028331	8.0	2.40802764893e-05	
200.313559211	14.0	3.60012054443e-05	
293.823092088	28.0	5.50746917725e-05	
532.793111001	46.0	0.000110864639282	
138.556509421	15.0	4.60147857666e-05	
295.540228765	28.0	5.00679016113e-05	
316.607993175	26.0	5.50746917725e-05	
288.284280341	23.0	4.6968460083e-05	
563.794121726	47.0	7.70092010498e-05	
450.072995423	43.0	6.98566436768e-05	
469.529066756	48.0	7.70092010498e-05	
333.0720066	25.0	4.81605529785e-05	
208.008171352	25.0	4.38690185547e-05	
261.020480324	32.0	5.29289245605e-05	
287.810585794	27.0	5.10215759277e-05	
352.942505472	25.0	4.79221343994e-05	
556.428642424	57.0	8.70227813721e-05	
230.046163789	24.0	4.29153442383e-05	
350.761644947	28.0	5.60283660889e-05	
204.686166356	18.0	3.91006469727e-05	
313.810829551	25.0	4.79221343994e-05	
502.836203409	55.0	0.000105142593384	
312.913104789	30.0	5.60283660889e-05	
450.599572101	39.0	6.79492950439e-05	
265.159934379	31.0	5.19752502441e-05	
440.766423189	39.0	6.41345977783e-05	
222.189021676	21.0	5.19752502441e-05	
359.053088577	32.0	5.69820404053e-05	
718.606873529	57.0	8.89301300049e-05	
362.904545711	41.0	6.60419464111e-05	
351.410897091	34.0	6.38961791992e-05	
367.321705741	43.0	7.10487365723e-05	
233.138255996	6.0	2.09808349609e-05	
333.532480883	24.0	4.6968460083e-05	
432.664049073	17.0	9.3936920166e-05	
255.276880938	31.0	5.57899475098e-05	
559.586374701	50.0	8.17775726318e-05	
156.2264558	8.0	3.40938568115e-05	
367.479069695	40.0	6.60419464111e-05	
343.309094447	23.0	4.60147857666e-05	
246.097439005	15.0	3.48091125488e-05	
478.732358664	39.0	7.89165496826e-05	
186.79840919	16.0	4.50611114502e-05	
503.856026479	50.0	8.10623168945e-05	
267.664631038	10.0	3.38554382324e-05	
371.027114809	32.0	5.69820404053e-05	
193.070654445	4.0	2.19345092773e-05	
246.896190334	30.0	5.69820404053e-05	
189.441947858	16.0	3.50475311279e-05	
551.051209449	50.0	8.10623168945e-05	
284.309838445	17.0	6.19888305664e-05	
428.654171001	43.0	7.31945037842e-05	
445.220263769	46.0	8.01086425781e-05	
236.800627512	10.0	3.19480895996e-05	
172.435098864	14.0	3.50475311279e-05	
237.788445379	12.0	3.40938568115e-05	
126.209582629	16.0	3.71932983398e-05	
170.183566288	16.0	5.00679016113e-05	
404.683860761	43.0	6.69956207275e-05	
349.126758082	30.0	6.69956207275e-05	
465.818593508	57.0	8.89301300049e-05	
398.989212932	32.0	5.79357147217e-05	
283.151688253	23.0	4.50611114502e-05	
102.360872141	12.0	2.90870666504e-05	
467.829841739	32.0	5.88893890381e-05	
344.003465916	10.0	3.2901763916e-05	
270.175032101	14.0	3.50475311279e-05	
241.840700766	23.0	4.60147857666e-05	
319.975449338	31.0	5.29289245605e-05	
431.79192559	55.0	8.70227813721e-05	
95.7275782326	8.0	2.28881835938e-05	
386.798742326	30.0	5.60283660889e-05	
344.841578538	32.0	6.8187713623e-05	
358.718467914	37.0	7.60555267334e-05	
375.658882469	32.0	6.29425048828e-05	
339.99497319	30.0	5.60283660889e-05	
290.1897754	36.0	6.29425048828e-05	
231.072184458	14.0	4.60147857666e-05	
587.234926169	42.0	7.48634338379e-05	
208.037329298	9.0	2.88486480713e-05	
428.363046369	32.0	5.69820404053e-05	
85.7776010034	6.0	1.90734863281e-05	
498.973692243	48.0	7.79628753662e-05	
281.625126675	16.0	3.50475311279e-05	
388.358524926	32.0	5.60283660889e-05	
494.625876482	50.0	7.70092010498e-05	
131.573905346	14.0	3.38554382324e-05	
417.399880329	32.0	5.69820404053e-05	
76.3014217344	6.0	2.19345092773e-05	
525.595903259	53.0	8.79764556885e-05	
201.602019811	18.0	5.19752502441e-05	
311.722699361	40.0	6.41345977783e-05	
318.224591812	33.0	5.60283660889e-05	
246.090163488	24.0	4.19616699219e-05	
179.745294238	25.0	4.60147857666e-05	
236.949549211	16.0	3.50475311279e-05	
145.760619181	6.0	2.09808349609e-05	
470.580634109	56.0	8.39233398438e-05	
140.558744309	6.0	2.21729278564e-05	
132.196887143	16.0	3.50475311279e-05	
214.379885818	16.0	3.60012054443e-05	
329.010525366	32.0	5.60283660889e-05	
320.791161838	24.0	5.19752502441e-05	
164.142964911	16.0	3.60012054443e-05	
119.222843469	16.0	3.40938568115e-05	
439.561389853	50.0	7.79628753662e-05	
135.343408184	12.0	3.50475311279e-05	
346.719451776	23.0	5.69820404053e-05	
124.588889438	6.0	2.00271606445e-05	
334.516235538	24.0	5.19752502441e-05	
657.9604998	61.0	0.0001060962677	
85.9883713068	11.0	2.40802764893e-05	
233.494254552	10.0	3.09944152832e-05	
511.799524005	50.0	7.60555267334e-05	
427.547832317	41.0	6.8187713623e-05	
429.268362284	41.0	0.000124216079712	
393.802603183	21.0	4.6968460083e-05	
346.802562602	23.0	4.6968460083e-05	
415.533067093	43.0	6.91413879395e-05	
291.423974712	25.0	4.6968460083e-05	
233.679092835	25.0	4.60147857666e-05	
527.611867277	50.0	7.91549682617e-05	
147.913838208	10.0	3.09944152832e-05	
306.059497736	32.0	5.50746917725e-05	
519.821624459	42.0	7.29560852051e-05	
83.6194031662	6.0	2.00271606445e-05	
198.136995499	15.0	3.40938568115e-05	
256.018899943	21.0	4.50611114502e-05	
113.329118121	16.0	3.31401824951e-05	
406.996796712	32.0	5.69820404053e-05	
201.889992482	10.0	2.90870666504e-05	
319.940387393	34.0	5.91278076172e-05	
93.7991323624	13.0	3.40938568115e-05	
308.731120235	23.0	4.38690185547e-05	
430.396241537	40.0	6.50882720947e-05	
657.216264145	53.0	8.60691070557e-05	
402.221259622	39.0	6.38961791992e-05	
385.159561625	32.0	5.57899475098e-05	
283.139191262	25.0	4.60147857666e-05	
415.212464397	41.0	6.60419464111e-05	
331.052649941	32.0	5.60283660889e-05	
198.206871932	16.0	3.38554382324e-05	
196.094694809	34.0	5.48362731934e-05	
399.922860636	50.0	7.41481781006e-05	
491.989572233	39.0	6.8187713623e-05	
243.801380787	23.0	4.79221343994e-05	
160.674699162	15.0	3.40938568115e-05	
226.363289855	4.0	2.09808349609e-05	
271.593393848	16.0	3.60012054443e-05	
133.210212473	6.0	2.00271606445e-05	
156.259127259	8.0	2.31266021729e-05	
115.334900866	14.0	3.00407409668e-05	
313.037304063	23.0	4.48226928711e-05	
625.604554207	57.0	8.9168548584e-05	
87.0919054792	6.0	1.78813934326e-05	
104.363463618	8.0	2.28881835938e-05	
148.586947141	12.0	3.19480895996e-05	
98.7329208475	6.0	2.00271606445e-05	
358.220700736	34.0	5.91278076172e-05	
220.501972136	25.0	4.41074371338e-05	
520.889804582	50.0	7.5101852417e-05	
147.136472129	6.0	2.09808349609e-05	
162.287767798	16.0	3.09944152832e-05	
170.866520563	8.0	2.28881835938e-05	
184.700382509	14.0	3.2901763916e-05	
281.445001851	32.0	6.29425048828e-05	
389.602890753	41.0	6.5803527832e-05	
378.064245496	23.0	4.6968460083e-05	
363.991276244	41.0	6.8187713623e-05	
120.51372431	6.0	2.09808349609e-05	
549.684850312	41.0	6.60419464111e-05	
495.095520753	41.0	6.8187713623e-05	
125.211056047	16.0	3.48091125488e-05	
453.92556781	41.0	6.79492950439e-05	
233.289118947	12.0	3.31401824951e-05	
231.28084967	16.0	4.48226928711e-05	
175.688230952	16.0	3.60012054443e-05	
85.5375888582	6.0	2.09808349609e-05	
140.925540973	6.0	2.19345092773e-05	
411.166020266	24.0	5.10215759277e-05	
344.846571143	25.0	4.6968460083e-05	
396.834625866	31.0	5.22136688232e-05	
216.729381873	16.0	3.50475311279e-05	
190.329850496	24.0	4.19616699219e-05	
271.768409108	16.0	3.38554382324e-05	
375.832165835	41.0	6.69956207275e-05	
433.463089053	24.0	5.19752502441e-05	
118.566787203	8.0	2.19345092773e-05	
227.526660634	12.0	3.31401824951e-05	
339.451286251	28.0	5.31673431396e-05	
165.586535575	8.0	2.50339508057e-05	
221.417668466	24.0	4.41074371338e-05	
449.554487948	39.0	6.72340393066e-05	
354.211094446	16.0	4.98294830322e-05	
31.0161248385	5.0	2.69412994385e-05	
291.207763142	23.0	5.81741333008e-05	
288.471644887	12.0	3.21865081787e-05	
56.0	15.0	2.59876251221e-05	
229.461623193	32.0	5.69820404053e-05	
222.834341747	12.0	5.19752502441e-05	
80.7789957476	6.0	2.09808349609e-05	
454.051854769	32.0	5.69820404053e-05	
323.291874746	25.0	4.6968460083e-05	
206.927747857	19.0	5.19752502441e-05	
188.184384155	31.0	5.10215759277e-05	
520.696350351	50.0	7.91549682617e-05	
155.089728662	8.0	2.21729278564e-05	
322.982912087	23.0	4.60147857666e-05	
211.654392711	16.0	3.60012054443e-05	
175.169137728	23.0	4.50611114502e-05	
422.781656342	37.0	6.69956207275e-05	
110.608371914	10.0	3.19480895996e-05	
367.215511995	48.0	9.79900360107e-05	
453.1723211	50.0	7.91549682617e-05	
512.834225426	33.0	6.41345977783e-05	
37.2931642634	8.0	1.90734863281e-05	
217.191963472	16.0	3.60012054443e-05	
273.398897649	14.0	3.40938568115e-05	
302.358870408	30.0	5.19752502441e-05	
434.653036912	38.0	0.000107049942017	
262.45423489	25.0	5.81741333008e-05	
95.7088093489	6.0	2.09808349609e-05	
748.26769402	62.0	0.000101089477539	
201.268361438	4.0	2.09808349609e-05	
109.220183928	8.0	2.28881835938e-05	
227.815965414	16.0	3.50475311279e-05	
296.190036139	26.0	5.48362731934e-05	
195.602019811	11.0	2.88486480713e-05	
746.120506513	62.0	9.98973846436e-05	
301.721296742	25.0	4.60147857666e-05	
187.038995274	8.0	2.78949737549e-05	
393.67341861	32.0	5.79357147217e-05	
265.067987583	17.0	5.79357147217e-05	
221.629858034	16.0	3.50475311279e-05	
204.532846557	23.0	4.31537628174e-05	
362.97633879	40.0	6.41345977783e-05	
404.854933508	43.0	8.98838043213e-05	
325.037488192	25.0	4.60147857666e-05	
131.197228866	10.0	3.09944152832e-05	
188.053956535	16.0	3.31401824951e-05	
335.681409396	32.0	5.69820404053e-05	
375.13948194	43.0	6.79492950439e-05	
361.928879144	34.0	5.88893890381e-05	
163.790386849	17.0	3.69548797607e-05	
328.014299851	17.0	4.19616699219e-05	
85.7088093489	5.0	1.81198120117e-05	
257.753203077	25.0	4.72068786621e-05	
315.848778895	23.0	4.6968460083e-05	
147.229523682	12.0	3.19480895996e-05	
260.516460687	23.0	4.60147857666e-05	
123.530832782	16.0	3.40938568115e-05	
363.928879144	48.0	7.58171081543e-05	
206.110710248	16.0	3.60012054443e-05	
307.362868922	30.0	5.50746917725e-05	
514.779926896	50.0	7.70092010498e-05	
93.2353184419	4.0	1.8835067749e-05	
173.469467283	25.0	4.38690185547e-05	
157.412731661	15.0	3.40938568115e-05	
310.532410513	24.0	5.00679016113e-05	
368.392212867	43.0	6.79492950439e-05	
77.7151195014	6.0	2.00271606445e-05	
210.540228765	20.0	4.10079956055e-05	
126.417025988	14.0	3.21865081787e-05	
108.586204987	8.0	2.40802764893e-05	
554.341686225	50.0	7.89165496826e-05	
410.286306554	32.0	5.79357147217e-05	
75.3923072999	7.0	1.81198120117e-05	
183.525921723	10.0	2.78949737549e-05	
424.215664884	41.0	6.69956207275e-05	
488.461579204	24.0	5.19752502441e-05	
337.040601343	41.0	6.50882720947e-05	
291.386408829	34.0	5.69820404053e-05	
88.8223631677	13.0	3.40938568115e-05	
316.60047359	32.0	5.50746917725e-05	
186.212688427	12.0	3.2901763916e-05	
57.706152185	6.0	1.71661376953e-05	
262.428388096	17.0	4.10079956055e-05	
483.113544054	57.0	8.60691070557e-05	
53.0754180389	7.0	1.78813934326e-05	
168.694840572	24.0	4.38690185547e-05	
317.430315205	33.0	5.48362731934e-05	
222.438968883	16.0	3.40938568115e-05	
416.06623846	28.0	5.60283660889e-05	
342.979698577	41.0	6.60419464111e-05	
338.103626655	35.0	6.38961791992e-05	
464.683450486	41.0	6.8187713623e-05	
228.921333561	17.0	4.29153442383e-05	
290.944538784	32.0	5.60283660889e-05	
466.510748645	39.0	6.69956207275e-05	
264.175032101	23.0	4.41074371338e-05	
405.798314386	32.0	5.60283660889e-05	
456.7779714	41.0	6.69956207275e-05	
136.020432276	6.0	2.19345092773e-05	
268.811387372	25.0	4.57763671875e-05	
594.343053907	55.0	8.82148742676e-05	
180.425143863	16.0	3.50475311279e-05	
41.7851648316	6.0	1.81198120117e-05	
465.333008441	48.0	7.41481781006e-05	
293.084486169	34.0	5.3882598877e-05	
334.451025881	32.0	5.50746917725e-05	
149.733436374	17.0	3.79085540771e-05	
456.043273202	53.0	8.39233398438e-05	
573.340632272	62.0	9.29832458496e-05	
307.512100224	39.0	6.69956207275e-05	
158.419646766	14.0	3.00407409668e-05	
183.525921723	16.0	3.38554382324e-05	
344.479398726	49.0	7.10487365723e-05	
47.1725046566	6.0	2.09808349609e-05	
138.110682937	13.0	3.2901763916e-05	
478.064467613	39.0	6.72340393066e-05	
477.234395779	41.0	6.60419464111e-05	
180.281150606	23.0	4.38690185547e-05	
217.993597187	14.0	3.40938568115e-05	
438.891052902	57.0	0.000170946121216	
287.140007437	19.0	4.6968460083e-05	
404.174064017	24.0	5.22136688232e-05	
489.569681544	44.0	7.60555267334e-05	
427.41788571	41.0	7.00950622559e-05	
464.106426214	34.0	5.91278076172e-05	
217.053823243	8.0	2.40802764893e-05	
74.8465096047	6.0	1.81198120117e-05	
511.486063125	50.0	7.79628753662e-05	
217.713959319	31.0	5.07831573486e-05	
320.878553317	25.0	4.6968460083e-05	
573.860776076	55.0	0.000108957290649	
85.4751425854	8.0	1.81198120117e-05	
157.134936958	24.0	4.31537628174e-05	
546.046723127	46.0	7.58171081543e-05	
179.227127816	14.0	3.60012054443e-05	
207.365113209	25.0	4.91142272949e-05	
259.586728775	14.0	4.48226928711e-05	
161.419400199	15.0	3.48091125488e-05	
179.580094173	14.0	3.40938568115e-05	
427.015640529	32.0	5.79357147217e-05	
295.123960304	32.0	5.98430633545e-05	
137.706761919	8.0	2.40802764893e-05	
250.417914303	19.0	4.38690185547e-05	
187.543902344	10.0	3.09944152832e-05	
258.015027835	23.0	4.6968460083e-05	
429.05473172	39.0	6.38961791992e-05	
441.233808446	54.0	8.48770141602e-05	
175.552127847	22.0	4.29153442383e-05	
249.385363873	31.0	6.19888305664e-05	
307.698745605	16.0	3.50475311279e-05	
219.781325206	28.0	4.91142272949e-05	
180.037108335	14.0	3.40938568115e-05	
332.771949334	41.0	6.79492950439e-05	
354.288256648	34.0	5.69820404053e-05	
240.058120646	21.0	4.41074371338e-05	
327.193512135	19.0	4.00543212891e-05	
335.0102745	34.0	6.103515625e-05	
311.821758695	32.0	5.48362731934e-05	
261.1169818	23.0	4.41074371338e-05	
310.588238668	32.0	5.72204589844e-05	
495.029526672	29.0	5.91278076172e-05	
224.000484934	16.0	3.40938568115e-05	
322.755158038	32.0	5.48362731934e-05	
480.129283558	32.0	5.60283660889e-05	
195.760231118	16.0	4.60147857666e-05	
178.892798277	16.0	3.50475311279e-05	
115.361682411	24.0	3.88622283936e-05	
224.989468128	14.0	3.2901763916e-05	
161.436291907	12.0	3.2901763916e-05	
111.360872141	13.0	3.2901763916e-05	
320.874965321	28.0	5.3882598877e-05	
286.168302545	14.0	3.40938568115e-05	
518.573685891	42.0	7.31945037842e-05	
174.89104636	23.0	6.8187713623e-05	
387.536883017	46.0	7.60555267334e-05	
61.800378285	16.0	3.19480895996e-05	
244.976400269	28.0	5.29289245605e-05	
439.174634428	24.0	5.31673431396e-05	
215.421339732	16.0	3.60012054443e-05	
223.101604668	23.0	4.41074371338e-05	
183.226570796	6.0	2.19345092773e-05	
229.364051517	10.0	2.8133392334e-05	
169.576114853	14.0	4.50611114502e-05	
361.706971904	28.0	5.50746917725e-05	
236.949549211	16.0	3.50475311279e-05	
387.813091786	32.0	5.69820404053e-05	
146.90394519	8.0	2.31266021729e-05	
392.148311488	43.0	6.98566436768e-05	
144.188325529	14.0	3.40938568115e-05	
189.704381008	13.0	3.31401824951e-05	
423.320926049	34.0	5.79357147217e-05	
307.098228607	25.0	4.38690185547e-05	
392.541774824	32.0	5.60283660889e-05	
176.282380367	12.0	3.981590271e-05	
293.008602107	23.0	4.48226928711e-05	
403.728155942	39.0	6.31809234619e-05	
467.523645863	41.0	6.69956207275e-05	
201.036924885	23.0	4.31537628174e-05	
75.8924879966	6.0	2.09808349609e-05	
139.819232514	4.0	2.00271606445e-05	
403.671815274	41.0	8.51154327393e-05	
114.880674825	4.0	2.00271606445e-05	
98.0670243262	6.0	2.09808349609e-05	
366.181157992	34.0	5.79357147217e-05	
114.49026571	6.0	2.09808349609e-05	
342.281784752	32.0	8.79764556885e-05	
245.339764665	14.0	3.50475311279e-05	
363.074926741	41.0	6.60419464111e-05	
198.645693352	16.0	3.40938568115e-05	
258.07609752	25.0	4.72068786621e-05	
165.628574818	13.0	3.19480895996e-05	
473.73918477	39.0	6.79492950439e-05	
179.072923102	8.0	2.31266021729e-05	
295.540228765	21.0	4.48226928711e-05	
442.231028148	32.0	5.60283660889e-05	
648.072432239	57.0	8.79764556885e-05	
535.32680244	33.0	6.29425048828e-05	
360.895953913	25.0	4.98294830322e-05	
118.64419688	16.0	3.19480895996e-05	
211.885034531	33.0	5.00679016113e-05	
249.320380045	17.0	4.10079956055e-05	
91.9413741549	8.0	2.00271606445e-05	
48.3838816136	4.0	1.59740447998e-05	
237.242064573	21.0	4.38690185547e-05	
425.259657702	41.0	8.60691070557e-05	
450.501116277	41.0	6.69956207275e-05	
155.541310966	16.0	3.09944152832e-05	
268.035879483	30.0	5.57899475098e-05	
196.495104919	14.0	3.38554382324e-05	
226.848376566	14.0	3.38554382324e-05	
328.733504216	48.0	7.20024108887e-05	
151.291597864	8.0	2.31266021729e-05	
63.9396237475	8.0	2.19345092773e-05	
438.228015025	41.0	6.91413879395e-05	
220.736993243	19.0	4.31537628174e-05	
218.927532104	12.0	3.31401824951e-05	
281.680556599	10.0	3.09944152832e-05	
343.491472474	26.0	5.10215759277e-05	
183.948489233	6.0	2.09808349609e-05	
303.22951229	19.0	4.29153442383e-05	
427.624337199	32.0	5.69820404053e-05	
342.609746529	32.0	5.50746917725e-05	
406.784515117	41.0	6.8187713623e-05	
234.839071028	10.0	2.98023223877e-05	
294.585764749	37.0	6.41345977783e-05	
324.323611485	32.0	5.60283660889e-05	
148.854910597	12.0	3.19480895996e-05	
433.861645819	41.0	6.98566436768e-05	
383.447590992	57.0	8.41617584229e-05	
209.173631759	18.0	3.81469726562e-05	
112.752847322	10.0	3.69548797607e-05	
254.959573324	25.0	4.6968460083e-05	
130.098393978	8.0	2.19345092773e-05	
470.202962193	41.0	6.89029693604e-05	
285.13731672	21.0	4.50611114502e-05	
242.840198866	16.0	3.40938568115e-05	
546.192619488	39.0	6.60419464111e-05	
447.166906599	32.0	5.88893890381e-05	
294.431618373	32.0	5.48362731934e-05	
159.505291625	8.0	2.31266021729e-05	
360.242140255	48.0	7.82012939453e-05	
483.785350175	53.0	8.58306884766e-05	
165.471853161	6.0	2.00271606445e-05	
253.984803672	25.0	4.60147857666e-05	
346.828473636	43.0	6.60419464111e-05	
379.696886692	41.0	7.60555267334e-05	
272.145655061	21.0	5.41210174561e-05	
310.4130488	30.0	5.60283660889e-05	
231.174751141	32.0	5.19752502441e-05	
209.14890337	12.0	3.50475311279e-05	
182.497555461	8.0	2.31266021729e-05	
136.540228765	21.0	4.31537628174e-05	
266.211329741	23.0	4.48226928711e-05	
385.873883933	17.0	4.19616699219e-05	
387.025436759	28.0	5.3882598877e-05	
99.0218972182	8.0	2.31266021729e-05	
521.73194118	42.0	7.41481781006e-05	
419.461369609	50.0	7.39097595215e-05	
267.396002357	28.0	5.22136688232e-05	
341.884418008	17.0	4.19616699219e-05	
170.471267762	15.0	3.50475311279e-05	
149.189521254	6.0	2.19345092773e-05	
505.468535591	29.0	6.103515625e-05	
178.122949096	16.0	3.09944152832e-05	
543.61868387	48.0	7.89165496826e-05	
572.679782207	50.0	7.79628753662e-05	
356.178411535	37.0	6.60419464111e-05	
347.198923844	34.0	8.58306884766e-05	
491.396241537	48.0	7.5101852417e-05	
121.029374938	8.0	2.28881835938e-05	
297.801684403	40.0	6.38961791992e-05	
220.737767782	16.0	3.38554382324e-05	
271.249501476	31.0	5.29289245605e-05	
170.949549211	22.0	4.79221343994e-05	
166.888949373	12.0	3.2901763916e-05	
186.648501423	16.0	3.50475311279e-05	
291.494682426	33.0	5.3882598877e-05	
557.619521752	41.0	6.91413879395e-05	
209.129296897	25.0	4.41074371338e-05	
606.131344859	50.0	7.79628753662e-05	
56.0	15.0	2.8133392334e-05	
423.377962109	46.0	7.5101852417e-05	
218.221666964	23.0	4.60147857666e-05	
445.241590939	37.0	6.50882720947e-05	
167.197129642	12.0	3.21865081787e-05	
172.150907906	16.0	3.40938568115e-05	
618.238934647	57.0	8.89301300049e-05	
423.697809105	32.0	5.60283660889e-05	
525.580634109	57.0	8.70227813721e-05	
518.65795441	54.0	8.51154327393e-05	
343.193544273	31.0	5.41210174561e-05	
388.315138125	41.0	6.60419464111e-05	
349.489498115	40.0	6.38961791992e-05	
129.600732703	6.0	2.09808349609e-05	
334.073332328	27.0	5.19752502441e-05	
516.811090103	29.0	6.103515625e-05	
258.524741658	23.0	4.50611114502e-05	
162.6280651	16.0	3.50475311279e-05	
232.536896118	10.0	3.19480895996e-05	
346.001176539	25.0	4.50611114502e-05	
290.906868847	25.0	4.72068786621e-05	
442.23697598	50.0	7.70092010498e-05	
175.746354369	16.0	3.38554382324e-05	
31.0161248385	5.0	1.69277191162e-05	
160.067024326	13.0	3.19480895996e-05	
168.111901939	13.0	3.00407409668e-05	
289.425644751	16.0	3.38554382324e-05	
224.517492291	23.0	4.38690185547e-05	
468.925919175	33.0	6.07967376709e-05	
291.954530269	21.0	4.50611114502e-05	
295.737053077	19.0	4.41074371338e-05	
480.028380644	57.0	8.60691070557e-05	
332.242295776	23.0	4.60147857666e-05	
418.473318737	50.0	7.89165496826e-05	
478.404185953	32.0	5.60283660889e-05	
246.638185417	33.0	5.50746917725e-05	
314.309185954	41.0	6.41345977783e-05	
66.6232601813	7.0	1.8835067749e-05	
291.279281983	31.0	5.31673431396e-05	
194.167331373	16.0	3.48091125488e-05	
399.936103481	56.0	8.39233398438e-05	
231.998054172	14.0	3.60012054443e-05	
418.958951602	32.0	5.60283660889e-05	
312.780799329	32.0	5.50746917725e-05	
502.286589744	39.0	6.50882720947e-05	
301.084396272	19.0	4.29153442383e-05	
422.040887847	41.0	6.69956207275e-05	
329.753889223	41.0	6.60419464111e-05	
434.227168857	41.0	6.8187713623e-05	
325.159483331	21.0	4.60147857666e-05	
155.089728662	8.0	2.21729278564e-05	
155.02596651	16.0	3.40938568115e-05	
228.843184139	14.0	3.40938568115e-05	
153.971784859	16.0	3.2901763916e-05	
443.717853706	32.0	5.48362731934e-05	
371.696844144	32.0	5.81741333008e-05	
93.1448098059	8.0	2.31266021729e-05	
282.240404757	23.0	4.38690185547e-05	
217.713959319	40.0	5.91278076172e-05	
412.340077823	24.0	5.10215759277e-05	
223.222566037	16.0	3.60012054443e-05	
413.761347475	50.0	7.60555267334e-05	
320.359505282	16.0	3.88622283936e-05	
158.402548603	8.0	2.19345092773e-05	
392.476681995	41.0	6.79492950439e-05	
217.850872421	24.0	5.29289245605e-05	
115.15909276	12.0	2.8133392334e-05	
212.790672145	16.0	3.50475311279e-05	
368.375846451	32.0	0.000107049942017	
102.872166581	16.0	3.2901763916e-05	
160.481808956	8.0	3.40938568115e-05	
84.8465096047	6.0	2.19345092773e-05	
285.141990091	32.0	5.98430633545e-05	
103.916760451	8.0	2.59876251221e-05	
110.326150466	8.0	2.38418579102e-05	
402.266876592	41.0	7.10487365723e-05	
161.399172683	6.0	2.19345092773e-05	
168.232066586	10.0	3.09944152832e-05	
466.948217848	53.0	8.9168548584e-05	
376.831233585	23.0	4.6968460083e-05	
583.146242108	48.0	8.29696655273e-05	
108.242459517	6.0	2.09808349609e-05	
437.031681484	41.0	8.01086425781e-05	
423.966115371	37.0	6.69956207275e-05	
134.248123783	6.0	2.09808349609e-05	
251.469435392	16.0	3.60012054443e-05	
194.471167034	8.0	2.31266021729e-05	
216.104215982	23.0	4.50611114502e-05	
159.505291625	8.0	2.21729278564e-05	
336.701235548	40.0	6.29425048828e-05	
121.258197156	12.0	3.00407409668e-05	
542.572773877	42.0	7.20024108887e-05	
365.602412666	41.0	6.69956207275e-05	
161.95630141	13.0	2.98023223877e-05	
270.213744558	32.0	5.60283660889e-05	
438.222452773	48.0	7.60555267334e-05	
556.308187142	57.0	8.70227813721e-05	
377.536332785	40.0	6.41345977783e-05	
206.754684821	14.0	3.31401824951e-05	
65.1459898996	6.0	1.78813934326e-05	
354.419333405	32.0	5.57899475098e-05	
408.220700736	43.0	6.91413879395e-05	
209.483864685	21.0	4.60147857666e-05	
284.402994771	34.0	5.69820404053e-05	
261.020480324	25.0	4.60147857666e-05	
138.847476651	4.0	1.90734863281e-05	
308.883423609	23.0	4.50611114502e-05	
201.211684847	24.0	4.19616699219e-05	
342.158038103	23.0	4.6968460083e-05	
353.002402194	23.0	4.60147857666e-05	
230.790990031	16.0	3.50475311279e-05	
164.95630141	13.0	3.00407409668e-05	
142.600239234	24.0	3.91006469727e-05	
246.277351844	21.0	4.50611114502e-05	
173.551988688	14.0	3.2901763916e-05	
260.421289469	23.0	4.60147857666e-05	
227.942037557	23.0	4.91142272949e-05	
133.058279251	6.0	2.09808349609e-05	
501.460442395	50.0	7.89165496826e-05	
85.906520691	6.0	2.00271606445e-05	
307.409376067	25.0	4.50611114502e-05	
239.928786269	23.0	4.19616699219e-05	
287.598801831	10.0	3.09944152832e-05	
372.040887847	40.0	6.29425048828e-05	
460.450337611	41.0	6.69956207275e-05	
111.091750835	12.0	2.90870666504e-05	
252.441108512	30.0	5.60283660889e-05	
334.068160134	23.0	4.6968460083e-05	
138.016418317	16.0	3.00407409668e-05	
89.4706655838	9.0	2.31266021729e-05	
171.651857602	15.0	3.00407409668e-05	
244.122949096	16.0	3.48091125488e-05	
289.665111333	21.0	4.48226928711e-05	
368.279945436	30.0	5.60283660889e-05	
401.143565249	41.0	6.98566436768e-05	
152.088438418	8.0	2.50339508057e-05	
436.121347548	32.0	6.69956207275e-05	
235.682638642	10.0	3.19480895996e-05	
353.313540122	34.0	5.88893890381e-05	
339.067277572	19.0	4.38690185547e-05	
292.311373555	21.0	4.41074371338e-05	
278.868070843	25.0	4.60147857666e-05	
290.848777306	34.0	5.50746917725e-05	
370.347582521	43.0	6.91413879395e-05	
228.943156118	14.0	3.48091125488e-05	
380.462799899	38.0	6.19888305664e-05	
232.060565371	13.0	3.31401824951e-05	
193.632381289	23.0	4.41074371338e-05	
164.335875503	11.0	2.90870666504e-05	
306.395465905	32.0	5.29289245605e-05	
289.425644751	24.0	4.41074371338e-05	
87.6812408671	15.0	3.00407409668e-05	
528.073888251	33.0	6.19888305664e-05	
223.073846258	23.0	4.41074371338e-05	
532.491226868	48.0	7.70092010498e-05	
463.048924806	55.0	8.70227813721e-05	
291.223958265	32.0	5.29289245605e-05	
131.369734563	8.0	2.19345092773e-05	
51.0293761466	8.0	2.31266021729e-05	
195.714322134	12.0	3.19480895996e-05	
253.639292484	23.0	4.50611114502e-05	
535.557281873	48.0	9.58442687988e-05	
158.588871049	8.0	3.2901763916e-05	
176.634712263	14.0	3.2901763916e-05	
238.282380367	19.0	4.41074371338e-05	
224.380544468	33.0	5.19752502441e-05	
216.251689215	25.0	5.72204589844e-05	
405.920513473	32.0	5.60283660889e-05	
104.332444123	4.0	2.09808349609e-05	
326.958341484	24.0	5.3882598877e-05	
211.885034531	24.0	5.50746917725e-05	
272.240005074	17.0	4.50611114502e-05	
291.425299318	23.0	0.0001220703125	
33.7342555869	3.0	3.09944152832e-05	
494.46043944	26.0	8.10623168945e-05	
116.306855963	8.0	2.40802764893e-05	
312.428637569	32.0	5.79357147217e-05	
221.905272215	31.0	5.69820404053e-05	
185.075807178	16.0	4.6968460083e-05	
170.179356624	6.0	3.71932983398e-05	
399.053863124	41.0	0.000127077102661	
120.990447447	15.0	6.60419464111e-05	
320.538857923	34.0	0.000115156173706	
197.222506813	6.0	4.19616699219e-05	
285.994788396	23.0	8.48770141602e-05	
244.516153359	16.0	6.79492950439e-05	
317.460886554	42.0	0.000121116638184	
409.643130456	41.0	0.000133037567139	
218.621229801	16.0	6.89029693604e-05	
270.915027921	19.0	8.10623168945e-05	
236.683443154	36.0	0.000148057937622	
196.609119522	14.0	6.60419464111e-05	
427.605879007	39.0	0.000128030776978	
287.335021823	23.0	8.29696655273e-05	
130.098393978	8.0	4.29153442383e-05	
257.73192281	23.0	5.31673431396e-05	
484.605206551	41.0	7.29560852051e-05	
204.138690582	14.0	3.60012054443e-05	
306.978781758	23.0	4.91142272949e-05	
692.652659045	57.0	9.51290130615e-05	
126.714322134	6.0	3.09944152832e-05	
90.1691377277	16.0	3.19480895996e-05	
152.475921631	10.0	3.88622283936e-05	
245.995538143	23.0	4.60147857666e-05	
391.29501454	26.0	7.70092010498e-05	
323.169401355	23.0	4.60147857666e-05	
193.056862206	31.0	6.69956207275e-05	
383.229504104	32.0	5.98430633545e-05	
467.200057341	41.0	7.48634338379e-05	
365.901119156	41.0	6.98566436768e-05	
658.197491206	42.0	8.08238983154e-05	
245.674191126	25.0	6.00814819336e-05	
429.989632032	50.0	7.60555267334e-05	
287.140007437	23.0	4.81605529785e-05	
506.265301521	41.0	7.00950622559e-05	
422.908041869	41.0	6.91413879395e-05	
163.527225132	8.0	3.48091125488e-05	
85.0128184063	8.0	2.38418579102e-05	
48.0520551069	8.0	1.90734863281e-05	
263.847563353	25.0	5.22136688232e-05	
244.747212895	6.0	2.50339508057e-05	
263.944164123	14.0	3.69548797607e-05	
143.0484714	6.0	2.28881835938e-05	
614.394495717	62.0	0.000125885009766	
165.804298374	15.0	3.88622283936e-05	
94.7325477395	8.0	3.40938568115e-05	
253.777917191	17.0	4.29153442383e-05	
196.738555629	13.0	3.48091125488e-05	
402.604176411	29.0	6.29425048828e-05	
287.810585794	27.0	5.22136688232e-05	
598.762131275	48.0	9.20295715332e-05	
389.443907419	41.0	7.79628753662e-05	
267.42634789	25.0	5.29289245605e-05	
424.444219474	41.0	7.08103179932e-05	
371.565046527	37.0	6.98566436768e-05	
134.393222002	10.0	2.90870666504e-05	
206.616773549	12.0	3.2901763916e-05	
181.356251371	14.0	3.40938568115e-05	
170.866520563	15.0	3.31401824951e-05	
426.641986996	43.0	9.60826873779e-05	
234.723059703	16.0	3.88622283936e-05	
550.060190583	55.0	9.70363616943e-05	
308.908405645	25.0	4.6968460083e-05	
150.160268801	12.0	3.60012054443e-05	
131.951587061	10.0	3.2901763916e-05	
276.029417684	32.0	5.88893890381e-05	
247.657589489	14.0	3.48091125488e-05	
143.993190473	22.0	4.38690185547e-05	
295.232634103	33.0	5.60283660889e-05	
394.391344933	34.0	6.00814819336e-05	
371.291438308	32.0	8.10623168945e-05	
472.716846618	57.0	8.89301300049e-05	
501.437484194	41.0	9.48905944824e-05	
321.024329222	24.0	5.19752502441e-05	
378.917655223	34.0	6.00814819336e-05	
441.27964015	24.0	5.69820404053e-05	
247.337426547	23.0	5.00679016113e-05	
450.590007414	50.0	8.51154327393e-05	
121.115282384	8.0	2.62260437012e-05	
334.555469509	23.0	4.79221343994e-05	
159.959885577	13.0	4.19616699219e-05	
231.812511331	14.0	3.60012054443e-05	
31.4983650534	6.0	2.31266021729e-05	
87.4976189936	8.0	4.41074371338e-05	
345.938321525	39.0	6.89029693604e-05	
148.463316569	14.0	3.50475311279e-05	
272.61790829	14.0	3.60012054443e-05	
471.36585994	26.0	5.60283660889e-05	
428.675040463	48.0	7.89165496826e-05	
50.537115074	6.0	1.78813934326e-05	
64.759624034	8.0	2.40802764893e-05	
197.147606351	18.0	3.981590271e-05	
380.233400392	24.0	5.31673431396e-05	
515.626302532	37.0	9.08374786377e-05	
671.490989014	55.0	0.000111103057861	
121.382191283	8.0	2.50339508057e-05	
272.617586898	30.0	6.00814819336e-05	
474.344834424	50.0	7.89165496826e-05	
386.798742326	30.0	6.103515625e-05	
481.400272362	50.0	8.29696655273e-05	
257.067513673	25.0	4.81605529785e-05	
135.921508226	12.0	2.8133392334e-05	
309.558127721	16.0	3.50475311279e-05	
432.341508953	41.0	6.79492950439e-05	
546.68581459	33.0	6.31809234619e-05	
368.737573629	32.0	5.69820404053e-05	
188.198469041	12.0	3.31401824951e-05	
130.068883707	8.0	2.50339508057e-05	
420.406981746	43.0	7.29560852051e-05	
262.486469105	31.0	5.60283660889e-05	
298.036840921	18.0	4.29153442383e-05	
403.450407252	41.0	8.89301300049e-05	
251.451025881	16.0	3.79085540771e-05	
212.973508672	25.0	5.00679016113e-05	
395.253460885	37.0	7.39097595215e-05	
450.670161905	41.0	9.70363616943e-05	
244.155598711	10.0	3.40938568115e-05	
152.045697074	12.0	3.50475311279e-05	
448.365286441	34.0	6.103515625e-05	
466.41640203	44.0	7.79628753662e-05	
306.691296582	21.0	4.72068786621e-05	
184.250765134	10.0	3.31401824951e-05	
190.329850496	24.0	4.60147857666e-05	
378.960743807	32.0	7.10487365723e-05	
261.602114736	14.0	3.60012054443e-05	
125.953933407	8.0	2.40802764893e-05	
109.253235894	16.0	4.6968460083e-05	
234.114716038	19.0	4.60147857666e-05	
133.058279251	4.0	2.28881835938e-05	
100.657836257	3.0	1.69277191162e-05	
190.943215562	14.0	3.81469726562e-05	
243.854201528	14.0	3.79085540771e-05	
173.49209274	12.0	3.19480895996e-05	
436.651222983	57.0	0.000100135803223	
195.210212473	21.0	4.10079956055e-05	
244.651250706	25.0	5.91278076172e-05	
248.735854469	19.0	4.38690185547e-05	
168.385007319	16.0	3.69548797607e-05	
156.439073033	10.0	3.09944152832e-05	
215.845420708	25.0	4.79221343994e-05	
581.949075301	57.0	8.98838043213e-05	
388.490664576	32.0	8.58306884766e-05	
361.381989098	41.0	9.10758972168e-05	
223.04246945	23.0	8.60691070557e-05	
399.625590498	34.0	6.29425048828e-05	
383.024756651	48.0	8.79764556885e-05	
139.568542495	8.0	2.50339508057e-05	
226.059807026	18.0	4.10079956055e-05	
134.679192148	25.0	4.50611114502e-05	
280.818456551	34.0	6.69956207275e-05	
324.829322758	31.0	8.20159912109e-05	
195.463032447	10.0	4.31537628174e-05	
308.096709194	30.0	6.19888305664e-05	
259.828558178	16.0	3.71932983398e-05	
281.919072703	10.0	3.40938568115e-05	
270.624597392	23.0	5.19752502441e-05	
472.691738977	44.0	8.10623168945e-05	
75.953933407	6.0	1.8835067749e-05	
209.681547902	25.0	4.79221343994e-05	
227.225536105	16.0	3.60012054443e-05	
194.75388406	14.0	5.69820404053e-05	
325.067962424	28.0	0.000107049942017	
164.335875503	11.0	3.2901763916e-05	
508.29451577	24.0	5.41210174561e-05	
303.382312741	24.0	7.00950622559e-05	
360.17810516	24.0	8.10623168945e-05	
106.985776546	8.0	3.91006469727e-05	
469.067970704	46.0	8.60691070557e-05	
224.684268837	14.0	3.31401824951e-05	
84.4358672574	6.0	2.19345092773e-05	
308.839652167	30.0	5.69820404053e-05	
198.286913414	15.0	3.60012054443e-05	
240.248650252	14.0	3.38554382324e-05	
240.128428703	25.0	4.60147857666e-05	
434.991664468	41.0	6.41345977783e-05	
224.899503657	32.0	5.48362731934e-05	
285.554294025	23.0	5.29289245605e-05	
271.935523348	25.0	5.00679016113e-05	
377.828482227	29.0	0.000102996826172	
246.877685246	17.0	4.31537628174e-05	
460.902190886	50.0	8.29696655273e-05	
340.404082851	26.0	5.69820404053e-05	
115.15909276	12.0	3.2901763916e-05	
381.480244533	41.0	9.70363616943e-05	
314.532942218	12.0	5.79357147217e-05	
